SignalRecordInator saved data
note:Some more example data, this time without a time column.
numChannels: 2
Channels: AI0, AI2,
SaplingFrequency: 1000
-1.416889,-2.484839
-1.442222,-2.484839
-1.445183,-2.484181
-1.419192,-2.484839
-1.418205,-2.485168
-1.421166,-2.486155
-1.439919,-2.485168
-1.413928,-2.485168
-1.432023,-2.484510
-1.424456,-2.484839
-1.403071,-2.484839
-1.423469,-2.484839
-1.430707,-2.483523
-1.427417,-2.484510
-1.434326,-2.485168
-1.444196,-2.485168
-1.451434,-2.485168
-1.434984,-2.484510
-1.424456,-2.484510
-1.432352,-2.484510
-1.424785,-2.484839
-1.438603,-2.484839
-1.432681,-2.484510
-1.435313,-2.485168
-1.419192,-2.484510
-1.413599,-2.485168
-1.430707,-2.484510
-1.431694,-2.484839
-1.433010,-2.485497
-1.426430,-2.485497
-1.425772,-2.484510
-1.434326,-2.485497
-1.412612,-2.485168
-1.424456,-2.484510
-1.424456,-2.484839
-1.425114,-2.485168
-1.424456,-2.485497
-1.427417,-2.484839
-1.427417,-2.484839
-1.417876,-2.484510
-1.427746,-2.484839
-1.439261,-2.485168
-1.436300,-2.484510
-1.431365,-2.484181
-1.443867,-2.484839
-1.416889,2.489044
-1.422811,2.490360
-1.399452,2.489702
-1.441893,2.490689
-1.434984,2.491347
-1.415902,2.492005
-1.438603,2.490689
-1.445841,2.491676
-1.411625,2.490360
-1.427417,2.489044
-1.433668,2.488057
-1.424456,2.490689
-1.425772,2.490360
-1.435971,2.489373
-1.421166,2.489044
-1.416560,2.491676
-1.437616,2.491347
-1.427417,2.490360
-1.442222,2.490360
-1.407348,2.488386
-1.421495,2.489702
-1.424456,2.490031
-1.430378,2.489702
-1.453079,2.489702
-1.425114,2.489373
-1.448802,2.491018
-1.420837,2.488715
-1.417218,2.487728
-1.418863,2.488057
-1.414257,2.488057
-1.428075,2.489702
-1.414257,2.491018
-1.406361,2.491018
-1.439919,2.489373
-1.426430,2.489373
-1.431365,2.490360
-1.443538,2.489044
-1.439261,2.489373
-1.437945,2.490689
-1.433668,2.489373
-1.429062,2.491347
-1.441235,2.490689
-1.421495,2.489702
-1.424456,2.487728
-1.441235,2.488386
-1.417218,2.488057
-1.415244,2.490689
-1.406361,2.487728
-1.396491,2.489044
-1.336283,2.488057
-1.310950,2.488057
-1.265218,2.489373
-1.221460,2.488386
-1.163885,2.491347
-1.146118,2.490031
-1.098413,2.488386
-1.042482,2.488057
-0.999053,2.490360
-0.973062,2.488386
-0.940820,2.487728
-0.908906,2.489373
-0.863833,2.490031
-0.831590,2.490031
-0.826984,2.490360
-0.758880,2.488715
-0.744075,2.487728
-0.703279,2.489373
-0.689132,2.491347
-0.663798,2.491018
-0.621357,2.490031
-0.597010,2.491018
-0.594049,2.488057
-0.553582,2.487728
-0.548318,2.489044
-0.518049,2.490360
-0.509824,2.490360
-0.504560,2.488386
-0.490413,2.490031
-0.467054,2.489044
-0.472318,2.488386
-0.444024,2.488057
-0.450275,2.487399
-0.442708,2.489702
-0.441392,-2.484839
-0.449617,-2.485168
-0.472647,-2.485168
-0.446985,-2.484839
-0.470673,-2.484510
-0.503902,-2.484181
-0.494690,-2.484839
-0.516075,-2.484510
-0.516733,-2.485168
-0.560491,-2.485168
-0.582863,-2.485168
-0.609842,-2.485826
-0.636820,-2.485168
-0.682222,-2.485168
-0.705911,-2.485497
-0.754274,-2.485497
-0.796716,-2.484839
-0.839157,-2.484839
-0.888179,-2.483852
-0.920750,-2.483852
-0.967140,-2.484510
-1.028006,-2.484510
-1.106309,-2.484181
-1.151053,-2.484839
-1.204023,-2.485168
-1.257980,-2.485168
-1.303053,-2.485168
-1.360629,-2.484839
-1.422482,-2.484839
-1.437616,-2.484181
-1.438932,-2.484839
-1.426759,-2.484181
-1.432023,-2.484510
-1.443209,-2.484510
-1.432023,-2.484510
-1.430378,-2.484839
-1.431365,-2.484510
-1.426430,-2.485497
-1.433668,-2.484510
-1.423798,-2.484510
-1.437616,-2.484839
-1.423798,-2.484839
-1.431365,-2.485826
-1.434984,-2.485168
-1.412941,-2.485168
-1.446499,-2.485168
-1.422482,-2.485168
-1.456699,-2.485497
-1.430707,-2.485497
-1.442222,-2.485168
-1.431036,-2.485168
-1.436300,-2.484510
-1.410967,-2.485168
-1.427088,-2.484839
-1.420508,-2.485168
-1.423469,-2.484510
-1.403400,-2.484510
-1.417218,-2.484839
-1.441893,-2.484181
-1.422482,-2.484510
-1.440906,-2.485168
-1.433997,-2.484181
-1.417876,-2.485168
-1.428404,-2.485826
-1.411625,-2.485168
-1.432681,-2.485497
-1.432352,-2.484510
-1.423140,-2.484839
-1.420837,-2.484181
-1.447815,-2.485168
-1.447486,-2.485497
-1.412612,-2.484510
-1.435642,-2.484510
-1.438603,-2.484839
-1.438932,-2.484839
-1.431365,-2.484839
-1.426430,-2.485168
-1.422811,-2.484839
-1.438932,-2.485826
-1.436300,-2.485168
-1.415902,-2.484510
-1.450118,-2.484181
-1.448144,-2.484510
-1.461305,2.490689
-1.533686,2.490360
-1.640283,2.491347
-1.703123,2.489373
-1.794915,2.491018
-1.841634,2.491018
-1.893288,2.490031
-1.920924,2.488715
-1.944612,2.491018
-1.957773,2.490360
-1.956786,2.490360
-1.923885,2.491676
-1.845253,2.491347
-1.774517,2.490031
-1.652456,2.489044
-1.536647,2.488057
-1.386950,2.491676
-1.240872,2.491018
-1.030967,2.490360
-0.822378,2.490360
-0.623660,2.490689
-0.405859,2.492005
-0.143643,2.490360
0.125153,2.488057
0.375525,2.489373
0.687420,2.488715
0.957203,2.489373
1.228960,2.488715
1.535262,2.489373
1.843868,2.489373
2.145893,2.489373
2.464698,2.489702
2.845684,2.489044
2.822983,2.488057
2.420282,2.490360
2.126153,2.488715
1.766552,2.490360
1.458933,2.489702
1.168752,2.489702
0.837775,2.487728
0.548910,2.490031
0.268928,2.490689
-0.019609,2.491347
-0.325911,2.489044
-0.580560,2.487399
-0.841131,2.490360
-1.118482,2.489373
-1.332335,2.489044
-1.581391,2.488386
-1.762673,2.489373
-1.999227,2.490360
-2.181825,2.488057
-2.339090,2.489373
-2.499315,2.489702
-2.649671,2.491018
-2.753307,2.490689
-2.851022,2.488715
-2.948079,2.488057
-3.005655,2.489702
-3.034279,2.490689
-3.038227,2.488386
-3.005655,2.488057
-2.970122,2.488057
-2.917152,2.490031
-2.851022,2.487399
-2.802329,2.488715
-2.763836,2.488057
-2.688822,2.488715
-2.672043,2.488386
-2.634536,2.490689
-2.555575,2.489373
-2.532874,2.489373
-2.464770,2.486083
-2.419367,2.488715
-2.380544,2.490360
-2.310137,2.489702
-2.293029,2.488715
-2.245323,2.490031
-2.193340,2.491347
-2.135106,2.489044
-2.141028,2.490031
-2.067660,2.491018
-2.039366,2.490031
-1.978829,2.488057
-1.991331,-2.484510
-1.933426,-2.485826
-1.882102,-2.484839
-1.867625,-2.485826
-1.842621,-2.484510
-1.793599,-2.485168
-1.776820,-2.485497
-1.734049,-2.485497
-1.730101,-2.485168
-1.691279,-2.485826
-1.675158,-2.485497
-1.639296,-2.484839
-1.599815,-2.484839
-1.582378,-2.485168
-1.557374,-2.485168
-1.549149,-2.484510
-1.526447,-2.484510
-1.490915,-2.484839
-1.459002,-2.484839
-1.440906,-2.484839
-1.422153,-2.484839
-1.430378,-2.484181
-1.428404,-2.483852
-1.436629,-2.484181
-1.415244,-2.484839
-1.420179,-2.485168
-1.430049,-2.484510
-1.417547,-2.485168
-1.421495,-2.484839
-1.429391,-2.485168
-1.436300,-2.485497
-1.433339,-2.484510
-1.444525,-2.484839
-1.437616,-2.485168
-1.443867,-2.484181
-1.462292,-2.484510
-1.441235,-2.484510
-1.427417,-2.484510
-1.425772,-2.484181
-1.427417,-2.484181
-1.443867,-2.484510
-1.426759,-2.484510
-1.437616,-2.484510
-1.431694,-2.485168
-1.439590,-2.484510
-1.418534,-2.484839
-1.425443,-2.484510
-1.448802,-2.484839
-1.425114,-2.484510
-1.424785,-2.484510
-1.432681,-2.484839
-1.441235,-2.484839
-1.420508,-2.484839
-1.426430,-2.485168
-1.450118,-2.484181
-1.419192,-2.484510
-1.425443,-2.484839
-1.431365,-2.484839
-1.407677,-2.484839
-1.425443,-2.485168
-1.424785,-2.484839
-1.444854,-2.484510
-1.411954,-2.484510
-1.447486,-2.484510
-1.424127,-2.484839
-1.428404,-2.485168
-1.417547,-2.484510
-1.434655,-2.485497
-1.418205,-2.485168
-1.419192,-2.485497
-1.428075,-2.485497
-1.413599,-2.484510
-1.422811,-2.484181
-1.429720,-2.485168
-1.402413,-2.484839
-1.429720,-2.484839
-1.421166,-2.485826
-1.426101,-2.484510
-1.423798,-2.484510
-1.424456,-2.484839
-1.449460,-2.485168
-1.420179,-2.484510
-1.418205,-2.484839
-1.432023,2.492334
-1.416231,2.491347
-1.397807,2.489702
-1.370499,2.491676
-1.336612,2.488715
-1.305356,2.489044
-1.276404,2.489702
-1.254032,2.489702
-1.203694,2.490689
-1.172439,2.489702
-1.158950,2.490360
-1.132629,2.491676
-1.097097,2.490689
-1.069460,2.490031
-1.062551,2.490031
-1.027348,2.490689
-0.989183,2.489044
-0.976681,2.490031
-0.981287,2.488386
-0.940491,2.489373
-0.901997,2.490689
-0.882257,2.490031
-0.859556,2.489373
-0.837841,2.489373
-0.795729,2.489044
-0.782898,2.490360
-0.762170,2.489373
-0.726638,2.491676
-0.717426,2.489702
-0.674984,2.489702
-0.673010,2.488057
-0.662153,2.489373
-0.617080,2.487728
-0.616751,2.487728
-0.603262,2.490031
-0.568716,2.489373
-0.558517,2.489373
-0.550950,2.491018
-0.527591,2.491018
-0.495677,2.490031
-0.485149,2.488057
-0.477911,2.488057
-0.457842,2.490360
-0.457513,2.487728
-0.445340,2.488715
-0.445998,2.490031
-0.421322,2.491347
-0.408162,2.488386
-0.405530,2.489373
-0.367366,2.489044
-0.381842,2.488715
-0.406517,2.490031
-0.381842,2.490360
-0.383816,2.491018
-0.373617,2.490031
-0.369669,2.489702
-0.368024,2.487728
-0.346638,2.487728
-0.354535,2.489373
-0.388751,2.488057
-0.371643,2.490031
-0.360786,2.491676
-0.375262,2.491347
-0.359470,2.489702
-0.390396,2.489044
-0.399279,2.487728
-0.392041,2.489373
-0.422967,2.488715
-0.425270,2.488715
-0.428231,2.489044
-0.455868,2.489373
-0.464093,2.488057
-0.500283,2.490031
-0.506534,2.489702
-0.526275,2.490031
-0.542725,2.490360
-0.568387,2.488715
-0.592733,2.490031
-0.614777,2.488715
-0.628924,2.489044
-0.635833,2.488715
-0.675642,2.490360
-0.699989,2.488715
-0.738811,-2.484839
-0.741772,-2.484510
-0.763486,-2.485168
-0.803954,-2.484839
-0.843434,-2.485168
-0.864162,-2.485168
-0.874361,-2.485497
-0.926015,-2.484839
-0.942465,-2.485168
-0.974049,-2.485497
-1.013201,-2.484510
-1.066499,-2.484839
-1.072421,-2.485168
-1.116508,-2.485168
-1.137893,-2.485168
-1.184283,-2.484181
-1.194811,-2.484510
-1.220802,-2.484839
-1.270482,-2.484510
-1.314569,-2.485168
-1.353391,-2.485497
-1.382343,-2.484839
-1.400110,-2.484839
-1.440248,-2.484839
-1.413270,-2.485168
-1.418205,-2.484510
-1.430707,-2.484181
-1.424785,-2.484839
-1.433010,-2.484839
-1.430378,-2.484839
-1.429062,-2.484181
-1.431694,-2.484181
-1.418205,-2.484839
-1.433997,-2.485168
-1.452092,-2.485168
-1.439261,-2.484181
-1.436629,-2.484181
-1.412941,-2.485497
-1.413270,-2.485168
-1.412941,-2.485168
-1.428733,-2.484510
-1.417547,-2.484839
-1.434984,-2.486155
-1.435642,-2.485168
-1.433010,-2.484839
-1.423140,-2.485826
-1.418205,-2.485168
-1.436958,-2.484510
-1.428733,-2.484181
-1.421495,-2.484839
-1.450118,-2.484839
-1.437287,-2.484510
-1.411625,-2.484839
-1.423469,-2.485497
-1.431365,-2.485168
-1.432352,-2.484181
-1.431365,-2.484839
-1.433010,-2.484839
-1.435313,-2.483852
-1.425114,-2.484510
-1.423798,-2.485168
-1.422811,-2.485168
-1.422482,-2.485168
-1.381027,-2.485168
-1.369841,-2.485168
-1.386292,-2.484839
-1.364906,-2.485497
-1.347469,-2.484181
-1.353062,-2.484181
-1.354049,-2.484839
-1.312266,-2.485497
-1.337599,-2.484839
-1.315885,-2.483852
-1.280352,-2.484510
-1.300750,-2.484839
-1.296144,-2.485497
-1.273114,-2.485497
-1.299763,-2.484510
-1.297789,-2.485497
-1.319504,-2.485168
-1.292196,-2.484510
-1.314898,-2.484181
-1.319833,-2.485168
-1.310621,-2.485168
-1.326413,2.492663
-1.309305,2.488057
-1.334309,2.486741
-1.365564,2.490689
-1.352075,2.489702
-1.387279,2.490689
-1.401097,2.490689
-1.425772,2.489702
-1.426430,2.489373
-1.438603,2.488715
-1.432023,2.492334
-1.425772,2.489373
-1.429720,2.489702
-1.435313,2.490031
-1.433997,2.490689
-1.429720,2.490360
-1.430049,2.490689
-1.435313,2.489044
-1.423798,2.490689
-1.415902,2.490031
-1.429391,2.489373
-1.416231,2.489702
-1.423140,2.489702
-1.440577,2.491676
-1.418205,2.490031
-1.426101,2.489702
-1.418534,2.486412
-1.436300,2.489044
-1.424456,2.488057
-1.405374,2.490031
-1.430707,2.490689
-1.430378,2.489702
-1.426430,2.487728
-1.416889,2.488057
-1.421824,2.487070
-1.438932,2.491676
-1.437287,2.491676
-1.433997,2.489373
-1.442222,2.490031
-1.421495,2.488057
-1.422153,2.489702
-1.399123,2.489044
-1.433010,2.489373
-1.431365,2.488057
-1.426430,2.489044
-1.424127,2.489373
-1.438274,2.489373
-1.428733,2.489044
-1.426759,2.488057
-1.423469,2.488386
-1.444525,2.491347
-1.439261,2.489044
-1.421166,2.488715
-1.417218,2.489044
-1.442551,2.490360
-1.430049,2.490031
-1.434984,2.492334
-1.437945,2.490031
-1.435971,2.489373
-1.437287,2.488057
-1.429720,2.488386
-1.418205,2.485425
-1.427746,2.490360
-1.445841,2.489702
-1.427088,2.488386
-1.444525,2.491018
-1.406361,2.490360
-1.413599,2.488715
-1.429720,2.489373
-1.452750,2.488715
-1.427088,2.488386
-1.416560,2.488386
-1.422153,2.489702
-1.432352,2.490031
-1.387608,2.490360
-1.434984,2.489702
-1.435313,2.488715
-1.419521,2.490031
-1.421824,2.489702
-1.433668,2.488057
-1.420837,2.487728
-1.420508,2.490360
-1.434984,2.488715
-1.442222,-2.485497
-1.427746,-2.484839
-1.429062,-2.484839
-1.407019,-2.484510
-1.445183,-2.483852
-1.412941,-2.484181
-1.412941,-2.483852
-1.423140,-2.485168
-1.441235,-2.485497
-1.418205,-2.485826
-1.435971,-2.485497
-1.434326,-2.485497
-1.440906,-2.485168
-1.424456,-2.484839
-1.430707,-2.484181
-1.443209,-2.484510
-1.419192,-2.484181
-1.420837,-2.485497
-1.413928,-2.485168
-1.417218,-2.485826
-1.423469,-2.484839
-1.439919,-2.485168
-1.434984,-2.484510
-1.421495,-2.484839
-1.428404,-2.485497
-1.424127,-2.485497
-1.447157,-2.484839
-1.433339,-2.484839
-1.442222,-2.485497
-1.426101,-2.484839
-1.442880,-2.484839
-1.422482,-2.484839
-1.425772,-2.484839
-1.442880,-2.484181
-1.416231,-2.484839
-1.430378,-2.484839
-1.430378,-2.485168
-1.410967,-2.484839
-1.421824,-2.484181
-1.427746,-2.484839
-1.421495,-2.484510
-1.419192,-2.485168
-1.412612,-2.484839
-1.439590,-2.484839
-1.439590,-2.485168
-1.414586,-2.485168
-1.431365,-2.484510
-1.430378,-2.484510
-1.408664,-2.484510
-1.406361,-2.484839
-1.418205,-2.484839
-1.433010,-2.484510
-1.440577,-2.484181
-1.420837,-2.485168
-1.445183,-2.484839
-1.418534,-2.484510
-1.415902,-2.484181
-1.415573,-2.485168
-1.429062,-2.485168
-1.433668,-2.485497
-1.459331,-2.485497
-1.434655,-2.486155
-1.422153,-2.485497
-1.410967,-2.484510
-1.442880,-2.484510
-1.431694,-2.485168
-1.440577,-2.485168
-1.419850,-2.485168
-1.420179,-2.485168
-1.434655,-2.484839
-1.419850,-2.484510
-1.433997,-2.485168
-1.432352,-2.483852
-1.435971,-2.484839
-1.418205,-2.485168
-1.430707,-2.485168
-1.431036,-2.485168
-1.442222,-2.484839
-1.419850,-2.485168
-1.428075,-2.485826
-1.433668,-2.484510
-1.432681,-2.484839
-1.420508,-2.484839
-1.435642,2.490360
-1.436629,2.490360
-1.411625,2.490031
-1.422811,2.491347
-1.425114,2.490360
-1.419850,2.492005
-1.431694,2.491347
-1.421824,2.488386
-1.429062,2.489373
-1.419521,2.490031
-1.417547,2.489373
-1.433010,2.488715
-1.453079,2.488715
-1.418534,2.488386
-1.416560,2.489702
-1.429391,2.491018
-1.438274,2.489702
-1.435642,2.489702
-1.444196,2.490689
-1.420179,2.489702
-1.440248,2.491018
-1.427746,2.490360
-1.431036,2.489373
-1.423140,2.488386
-1.426101,2.489702
-1.412941,2.490031
-1.427088,2.489044
-1.424456,2.490360
-1.422811,2.489044
-1.420508,2.489702
-1.423469,2.490689
-1.431365,2.490031
-1.435642,2.489373
-1.410967,2.489044
-1.410638,2.488715
-1.433668,2.488386
-1.433997,2.490031
-1.417547,2.490689
-1.403400,2.489373
-1.418863,2.489044
-1.423798,2.489373
-1.420837,2.489702
-1.434655,2.489373
-1.434984,2.489702
-1.446499,2.487399
-1.415573,2.490031
-1.442222,2.491018
-1.426101,2.488715
-1.401426,2.492005
-1.378066,2.489702
-1.322136,2.490360
-1.289235,2.488057
-1.233633,2.488715
-1.217841,2.491676
-1.174084,2.490689
-1.132958,2.489044
-1.079001,2.489373
-1.036560,2.489702
-0.992144,2.488715
-0.967140,2.489044
-0.926015,2.488057
-0.901668,2.489702
-0.861530,2.491018
-0.831261,2.488715
-0.796716,2.488715
-0.755261,2.490031
-0.734863,2.490031
-0.698344,2.489373
-0.662811,2.489702
-0.660179,2.490031
-0.624647,2.489373
-0.620370,2.489373
-0.568058,2.489373
-0.558188,2.488386
-0.542067,2.490031
-0.521669,2.488057
-0.485149,2.487399
-0.490413,2.489044
-0.475279,2.489373
-0.476595,2.488386
-0.460474,2.488715
-0.440076,2.489044
-0.432179,2.490031
-0.448630,2.489373
-0.426586,-2.485168
-0.452249,-2.483523
-0.457513,-2.484510
-0.459158,-2.485168
-0.457842,-2.485168
-0.502586,-2.485168
-0.495019,-2.484510
-0.510153,-2.484839
-0.529565,-2.485168
-0.579573,-2.485168
-0.589772,-2.485168
-0.644058,-2.484839
-0.647677,-2.485168
-0.674984,-2.483852
-0.730915,-2.484839
-0.774673,-2.484181
-0.802967,-2.484510
-0.838828,-2.484839
-0.898707,-2.485168
-0.963192,-2.484510
-0.993789,-2.484181
-1.063209,-2.484839
-1.129997,-2.484839
-1.170794,-2.484839
-1.210932,-2.484839
-1.277062,-2.485168
-1.324439,-2.485168
-1.390240,-2.484510
-1.431694,-2.484839
-1.443538,-2.485168
-1.413599,-2.485168
-1.410967,-2.484839
-1.423469,-2.484510
-1.427417,-2.484510
-1.436958,-2.485168
-1.413928,-2.485497
-1.416231,-2.484839
-1.413270,-2.485168
-1.427088,-2.484510
-1.443209,-2.484510
-1.417876,-2.483852
-1.427417,-2.484839
-1.444854,-2.484510
-1.427417,-2.484510
-1.425772,-2.484510
-1.442222,-2.484510
-1.426759,-2.484181
-1.436629,-2.484510
-1.429720,-2.483852
-1.423469,-2.484839
-1.434984,-2.484510
-1.428733,-2.484839
-1.446828,-2.484510
-1.441564,-2.485168
-1.417218,-2.484510
-1.408993,-2.485168
-1.429062,-2.485497
-1.432681,-2.485168
-1.430707,-2.485497
-1.413270,-2.485168
-1.449460,-2.485168
-1.439590,-2.484839
-1.412941,-2.485168
-1.436958,-2.484839
-1.429720,-2.484510
-1.416560,-2.485497
-1.449789,-2.484839
-1.441564,-2.484839
-1.420837,-2.484839
-1.417876,-2.485168
-1.424785,-2.484839
-1.428404,-2.485168
-1.419521,-2.484839
-1.424785,-2.484839
-1.432352,-2.484510
-1.420179,-2.485168
-1.428733,-2.484839
-1.422811,-2.485168
-1.409322,-2.484839
-1.451434,-2.485168
-1.415573,-2.484839
-1.433010,-2.484510
-1.457357,-2.484839
-1.495850,2.491676
-1.573166,2.491676
-1.649166,2.491676
-1.733062,2.490031
-1.793928,2.489373
-1.847556,2.492005
-1.908751,2.490360
-1.936058,2.489044
-1.957444,2.490031
-1.967314,2.490031
-1.956786,2.491676
-1.895591,2.490031
-1.825842,2.489702
-1.727469,2.490360
-1.618240,2.490360
-1.487625,2.489702
-1.331019,2.490689
-1.197114,2.491347
-0.975036,2.488386
-0.754274,2.489044
-0.542396,2.489373
-0.293340,2.488386
-0.062708,2.491347
0.217932,2.487399
0.444287,2.488386
0.755524,2.488057
1.038467,2.489373
1.337202,2.490689
1.625409,2.489044
1.975140,2.488715
2.241633,2.486083
2.566689,2.487399
2.900299,2.489373
2.692697,2.489373
2.291971,2.489044
2.001131,2.491018
1.693184,2.490031
1.361877,2.488715
1.047021,2.490360
0.762104,2.488715
0.454486,2.488715
0.170226,2.487070
-0.133115,2.489373
-0.417703,2.488715
-0.654257,2.487070
-0.931937,2.488386
-1.192179,2.490689
-1.407348,2.490360
-1.622846,2.489373
-1.852820,2.489044
-2.068318,2.488715
-2.239730,2.491018
-2.391401,2.489373
-2.569393,2.489702
-2.685861,2.490689
-2.793117,2.490031
-2.893135,2.489044
-2.974399,2.487728
-2.991508,2.489373
-3.077049,2.489702
-3.032304,2.491018
-2.973412,2.489702
-2.932616,2.489044
-2.875698,2.489044
-2.838520,2.488715
-2.781273,2.488715
-2.749688,2.488386
-2.680268,2.490689
-2.637498,2.487399
-2.599662,2.488715
-2.534190,2.490689
-2.484510,2.490031
-2.442068,2.490360
-2.398969,2.489044
-2.360804,2.490360
-2.310466,2.489044
-2.286778,2.489702
-2.223609,2.488715
-2.176232,2.490689
-2.137738,2.489373
-2.091020,2.490689
-2.056145,2.489373
-2.027522,2.489044
-1.977513,-2.485168
-1.950535,-2.484510
-1.949877,-2.484839
-1.882760,-2.484181
-1.844924,-2.485497
-1.820907,-2.485168
-1.789980,-2.485168
-1.754777,-2.485168
-1.723521,-2.484510
-1.720231,-2.484839
-1.686673,-2.485168
-1.639625,-2.484839
-1.627452,-2.484510
-1.605080,-2.484510
-1.588958,-2.484839
-1.549149,-2.484510
-1.519538,-2.484181
-1.496837,-2.485168
-1.494205,-2.484839
-1.452092,-2.484839
-1.429720,-2.484510
-1.456370,-2.484839
-1.426430,-2.483852
-1.429062,-2.484510
-1.413270,-2.484510
-1.419521,-2.485497
-1.435971,-2.484839
-1.434655,-2.485168
-1.435313,-2.484510
-1.434655,-2.484510
-1.437287,-2.485168
-1.436958,-2.484510
-1.432681,-2.485497
-1.437945,-2.484839
-1.443867,-2.484510
-1.406032,-2.484510
-1.409980,-2.484839
-1.448473,-2.484839
-1.432681,-2.483852
-1.451434,-2.483852
-1.424785,-2.485168
-1.442880,-2.485168
-1.429062,-2.484839
-1.424127,-2.485168
-1.421166,-2.484839
-1.413599,-2.484181
-1.421495,-2.484510
-1.434326,-2.484510
-1.440906,-2.484510
-1.420508,-2.485168
-1.426430,-2.485497
-1.411954,-2.485168
-1.412941,-2.484510
-1.415573,-2.484181
-1.425772,-2.484839
-1.411625,-2.484839
-1.412941,-2.483852
-1.441235,-2.484181
-1.414257,-2.485168
-1.449789,-2.484839
-1.446828,-2.484181
-1.430378,-2.484510
-1.439919,-2.485497
-1.423798,-2.484839
-1.428733,-2.484510
-1.425772,-2.484839
-1.434655,-2.484510
-1.416560,-2.484510
-1.419192,-2.483852
-1.418863,-2.484839
-1.447486,-2.484839
-1.409651,-2.484839
-1.413928,-2.484839
-1.418534,-2.484181
-1.430378,-2.484839
-1.391885,-2.485168
-1.417876,-2.484510
-1.439590,-2.484839
-1.430707,-2.485168
-1.411625,-2.485168
-1.431694,-2.484839
-1.442551,-2.485168
-1.424785,-2.485497
-1.432023,-2.484510
-1.416889,2.489702
-1.395833,2.488715
-1.389253,2.490689
-1.366880,2.490689
-1.336941,2.490031
-1.291538,2.488715
-1.254032,2.489044
-1.240214,2.490689
-1.219486,2.490689
-1.166188,2.489044
-1.156317,2.489044
-1.132300,2.489044
-1.083279,2.490360
-1.049391,2.491347
-1.035244,2.491018
-1.012543,2.488715
-0.998066,2.489373
-0.974707,2.488057
-0.943452,2.489702
-0.910880,2.488715
-0.894759,2.490689
-0.858898,2.488715
-0.851989,2.488057
-0.801651,2.489044
-0.785530,2.488386
-0.776318,2.490031
-0.746707,2.488386
-0.721045,2.487728
-0.713149,2.488386
-0.694725,2.489373
-0.659850,2.487728
-0.615435,2.487399
-0.616093,2.488057
-0.605236,2.489044
-0.574967,2.489702
-0.556543,2.490031
-0.562465,2.489044
-0.525288,2.488057
-0.525617,2.490360
-0.511140,2.488715
-0.488768,2.489044
-0.459487,2.487728
-0.438102,2.487728
-0.436128,2.490031
-0.436128,2.490031
-0.412439,2.490689
-0.416387,2.487070
-0.406188,2.488715
-0.407504,2.491676
-0.357167,2.492334
-0.395002,2.489044
-0.373946,2.487399
-0.364405,2.490689
-0.368024,2.491347
-0.366050,2.491018
-0.358812,2.489044
-0.361444,2.490360
-0.356180,2.490360
-0.365392,2.490689
-0.366708,2.489702
-0.374275,2.489702
-0.369998,2.490031
-0.378881,2.489044
-0.380855,2.488386
-0.378223,2.489044
-0.396976,2.487728
-0.402898,2.487070
-0.401582,2.488715
-0.404543,2.489702
-0.435799,2.490689
-0.474621,2.491018
-0.465080,2.488057
-0.473634,2.487399
-0.503573,2.490689
-0.521340,2.489044
-0.546015,2.488057
-0.590101,2.488386
-0.604907,2.488386
-0.620041,2.487070
-0.621357,2.489044
-0.645045,2.490031
-0.685184,2.489044
-0.701305,2.489702
-0.741443,-2.485168
-0.761512,-2.485497
-0.790136,-2.484510
-0.786846,-2.485168
-0.852318,-2.485497
-0.876664,-2.484839
-0.894759,-2.484839
-0.929305,-2.484839
-0.965824,-2.484839
-1.007279,-2.484839
-1.037218,-2.485497
-1.044127,-2.485497
-1.084924,-2.484839
-1.104993,-2.485497
-1.138222,-2.484181
-1.198430,-2.484510
-1.219815,-2.484839
-1.256993,-2.485826
-1.299105,-2.485168
-1.308646,-2.485168
-1.349772,-2.484839
-1.370499,-2.484510
-1.406032,-2.484839
-1.441893,-2.484839
-1.414257,-2.484839
-1.408993,-2.485168
-1.422482,-2.485168
-1.434984,-2.485168
-1.425772,-2.485168
-1.419850,-2.485168
-1.427746,-2.484839
-1.442222,-2.484839
-1.421824,-2.485497
-1.437287,-2.485497
-1.431365,-2.484510
-1.430049,-2.484839
-1.437945,-2.485168
-1.434655,-2.485497
-1.432681,-2.484839
-1.412941,-2.484510
-1.421166,-2.484839
-1.434326,-2.484839
-1.434655,-2.484510
-1.423140,-2.484510
-1.435313,-2.484510
-1.418205,-2.485497
-1.409651,-2.485168
-1.423140,-2.484510
-1.439590,-2.485168
-1.429391,-2.484510
-1.423798,-2.483852
-1.454724,-2.484839
-1.441893,-2.484510
-1.408993,-2.485168
-1.422811,-2.484839
-1.438274,-2.484510
-1.439590,-2.484510
-1.410309,-2.485168
-1.433010,-2.484839
-1.416889,-2.485497
-1.411296,-2.485497
-1.402742,-2.485497
-1.414915,-2.485168
-1.390898,-2.484510
-1.358326,-2.484839
-1.386621,-2.484839
-1.354378,-2.483852
-1.325097,-2.485826
-1.316214,-2.484510
-1.335296,-2.485497
-1.323123,-2.484510
-1.322465,-2.485497
-1.306672,-2.484839
-1.330032,-2.484839
-1.295157,-2.485168
-1.290222,-2.484839
-1.292525,-2.484510
-1.299105,-2.484510
-1.274759,-2.485497
-1.304040,-2.484839
-1.306014,-2.484510
-1.307330,-2.485168
-1.300750,-2.484510
-1.321478,2.492005
-1.336612,2.489702
-1.342863,2.491018
-1.353062,2.492992
-1.374776,2.490689
-1.382343,2.489702
-1.392214,2.490360
-1.374118,2.490360
-1.439261,2.491347
-1.422811,2.491018
-1.443867,2.490689
-1.417876,2.489373
-1.438603,2.490031
-1.430049,2.490031
-1.410967,2.489702
-1.415902,2.490360
-1.451434,2.491018
-1.415573,2.490031
-1.417218,2.489702
-1.419850,2.488386
-1.434984,2.490031
-1.418534,2.492334
-1.427088,2.490689
-1.428733,2.488386
-1.423798,2.489044
-1.423469,2.489702
-1.412283,2.488715
-1.430378,2.490360
-1.429062,2.490689
-1.413928,2.491676
-1.430049,2.489373
-1.424456,2.489702
-1.427088,2.488715
-1.418863,2.489044
-1.426101,2.490360
-1.426430,2.489702
-1.435313,2.491018
-1.437287,2.490360
-1.409322,2.488715
-1.421166,2.489373
-1.430707,2.491018
-1.431036,2.489702
-1.451105,2.489373
-1.437945,2.490689
-1.434655,2.490031
-1.435642,2.488715
-1.406361,2.489044
-1.425772,2.489702
-1.440577,2.489702
-1.431365,2.492005
-1.415573,2.490689
-1.431365,2.488386
-1.443538,2.490031
-1.461305,2.488057
-1.435313,2.489373
-1.426759,2.489044
-1.420179,2.489373
-1.433997,2.490360
-1.418863,2.489044
-1.426101,2.487728
-1.422482,2.488386
-1.436958,2.488715
-1.432352,2.490360
-1.437616,2.488715
-1.447157,2.489044
-1.415244,2.487399
-1.423798,2.488057
-1.427088,2.491347
-1.428075,2.490360
-1.430049,2.490031
-1.418205,2.490031
-1.415573,2.490689
-1.436300,2.489373
-1.424127,2.488715
-1.446828,2.489702
-1.398794,2.489702
-1.430707,2.489373
-1.441235,2.489702
-1.416560,2.491347
-1.423469,2.489373
-1.450118,2.489373
-1.415573,2.489702
-1.408993,2.489044
-1.439261,2.488386
-1.429720,-2.484839
-1.463608,-2.485497
-1.446499,-2.485168
-1.412612,-2.485497
-1.435971,-2.485168
-1.437945,-2.484181
-1.420508,-2.484839
-1.455711,-2.485497
-1.451434,-2.484839
-1.419521,-2.485168
-1.433339,-2.484510
-1.434326,-2.485168
-1.425114,-2.485168
-1.427088,-2.484839
-1.437287,-2.484510
-1.442880,-2.484839
-1.430707,-2.485497
-1.429391,-2.485497
-1.434984,-2.484839
-1.422153,-2.485168
-1.430049,-2.484839
-1.427088,-2.485168
-1.430049,-2.485826
-1.428733,-2.484839
-1.420179,-2.485168
-1.427088,-2.485168
-1.436300,-2.485168
-1.428075,-2.484181
-1.439919,-2.484510
-1.425114,-2.484510
-1.422482,-2.485168
-1.411954,-2.485168
-1.427417,-2.484181
-1.427746,-2.484510
-1.440906,-2.484839
-1.437616,-2.484510
-1.435971,-2.485168
-1.410309,-2.484839
-1.435642,-2.483852
-1.422153,-2.484510
-1.436300,-2.485497
-1.427088,-2.485497
-1.440906,-2.483852
-1.430707,-2.485168
-1.408664,-2.485168
-1.416231,-2.484510
-1.425443,-2.484181
-1.416889,-2.485826
-1.420837,-2.485497
-1.426430,-2.484839
-1.451434,-2.484839
-1.447815,-2.484181
-1.442551,-2.485168
-1.442880,-2.483852
-1.440906,-2.484510
-1.452750,-2.484181
-1.411296,-2.484839
-1.438932,-2.484839
-1.434326,-2.483852
-1.416560,-2.484510
-1.417218,-2.485168
-1.434655,-2.485168
-1.428404,-2.485497
-1.416889,-2.485168
-1.428733,-2.484839
-1.442222,-2.485826
-1.448802,-2.484839
-1.432352,-2.485168
-1.434655,-2.484839
-1.421495,-2.484510
-1.419521,-2.484839
-1.415573,-2.484181
-1.430049,-2.484839
-1.432023,-2.484181
-1.408006,-2.484510
-1.438603,-2.484510
-1.431694,-2.484510
-1.427088,-2.485168
-1.459002,-2.485168
-1.421495,-2.485497
-1.426430,-2.485497
-1.416889,-2.485826
-1.428404,-2.485497
-1.439261,2.492005
-1.426430,2.490360
-1.419850,2.490360
-1.427088,2.491018
-1.424127,2.490360
-1.417218,2.489373
-1.429391,2.491676
-1.439919,2.490689
-1.427746,2.490360
-1.419850,2.487728
-1.440248,2.489373
-1.424785,2.489702
-1.427746,2.490360
-1.439919,2.489702
-1.437616,2.488057
-1.437945,2.490360
-1.406032,2.491676
-1.460318,2.492005
-1.426101,2.489373
-1.413270,2.489044
-1.415902,2.490031
-1.435313,2.489702
-1.411954,2.489373
-1.431365,2.487728
-1.454724,2.489702
-1.428075,2.489373
-1.458673,2.489702
-1.429391,2.489044
-1.435971,2.489044
-1.436629,2.489373
-1.402413,2.488057
-1.439590,2.489702
-1.448802,2.490360
-1.419850,2.489702
-1.425443,2.490689
-1.435971,2.489044
-1.421495,2.488057
-1.425443,2.490360
-1.414915,2.488715
-1.413928,2.490360
-1.435971,2.489044
-1.427746,2.488386
-1.437287,2.490689
-1.427417,2.489373
-1.416560,2.490031
-1.432023,2.488386
-1.429391,2.489044
-1.411954,2.490031
-1.393201,2.491347
-1.357010,2.489044
-1.298118,2.488057
-1.256335,2.490031
-1.228369,2.489044
-1.197114,2.490689
-1.141183,2.489702
-1.120456,2.488386
-1.070118,2.489044
-1.018465,2.487728
-0.972404,2.487070
-0.958586,2.489373
-0.917460,2.491347
-0.883244,2.491347
-0.837841,2.488386
-0.812837,2.488057
-0.780595,2.489702
-0.756906,2.489702
-0.717755,2.490689
-0.702292,2.491018
-0.658863,2.488057
-0.630898,2.487728
-0.621357,2.489702
-0.580231,2.488715
-0.565755,2.487728
-0.530223,2.489044
-0.530223,2.488386
-0.527262,2.489373
-0.499625,2.490360
-0.486794,2.490360
-0.479556,2.488386
-0.449946,2.488715
-0.444682,2.489702
-0.457842,2.491347
-0.443695,2.490689
-0.439089,-2.485497
-0.428560,-2.484839
-0.448301,-2.485168
-0.458500,-2.484839
-0.448301,-2.484510
-0.473305,-2.484510
-0.478240,-2.484510
-0.494361,-2.485168
-0.536474,-2.484510
-0.549963,-2.484839
-0.573651,-2.485168
-0.591746,-2.484510
-0.648006,-2.484839
-0.686171,-2.484510
-0.701634,-2.484510
-0.740456,-2.484839
-0.780266,-2.485168
-0.843763,-2.485168
-0.867781,-2.485168
-0.913512,-2.484510
-0.959573,-2.484839
-0.994447,-2.484181
-1.071434,-2.484510
-1.132629,-2.484839
-1.163885,-2.485497
-1.226395,-2.484510
-1.291867,-2.483852
-1.343521,-2.484839
-1.405703,-2.485497
-1.422153,-2.484839
-1.441893,-2.485168
-1.414586,-2.484839
-1.424127,-2.484839
-1.435971,-2.484839
-1.431036,-2.483852
-1.428075,-2.484510
-1.432023,-2.485168
-1.420837,-2.484839
-1.427746,-2.485497
-1.431036,-2.484839
-1.422811,-2.484839
-1.428404,-2.485497
-1.419850,-2.484839
-1.448802,-2.485168
-1.443538,-2.485497
-1.444854,-2.485168
-1.429062,-2.485168
-1.417876,-2.485168
-1.454395,-2.485168
-1.427746,-2.485168
-1.433010,-2.484839
-1.454724,-2.485168
-1.411296,-2.485168
-1.409322,-2.484839
-1.454066,-2.485168
-1.431365,-2.484181
-1.449460,-2.484510
-1.406690,-2.484839
-1.442551,-2.485168
-1.438932,-2.484510
-1.429720,-2.484510
-1.436300,-2.485168
-1.424127,-2.485168
-1.448802,-2.484181
-1.423798,-2.485168
-1.423140,-2.485497
-1.424785,-2.485168
-1.428404,-2.484839
-1.420179,-2.485497
-1.423140,-2.484181
-1.436629,-2.484839
-1.404058,-2.484839
-1.420837,-2.484510
-1.432681,-2.484839
-1.422482,-2.485497
-1.441235,-2.484839
-1.415573,-2.485168
-1.417547,-2.485497
-1.449131,-2.484839
-1.432352,-2.485497
-1.452750,-2.483852
-1.439261,-2.484839
-1.433668,-2.485168
-1.445512,-2.485497
-1.525789,2.490689
-1.595538,2.490360
-1.685686,2.490689
-1.733062,2.488715
-1.801824,2.491018
-1.884734,2.489702
-1.926517,2.492663
-1.957773,2.489702
-1.985738,2.489702
-1.965011,2.491676
-1.936716,2.490689
-1.863677,2.490360
-1.790638,2.488057
-1.729772,2.490689
-1.567573,2.489044
-1.424785,2.489702
-1.294499,2.489702
-1.092820,2.489044
-0.896404,2.489702
-0.685842,2.490689
-0.472976,2.490689
-0.216024,2.489373
0.031058,2.487070
0.287023,2.489044
0.584771,2.489702
0.863437,2.490689
1.137168,2.488715
1.429981,2.487399
1.749115,2.488715
2.043573,2.490360
2.326845,2.489702
2.752247,2.490360
2.888455,2.489044
2.546949,2.489044
2.213668,2.490031
1.888941,2.492663
1.559938,2.489373
1.265150,2.489702
0.945688,2.488715
0.647611,2.488057
0.359075,2.488715
0.084027,2.489044
-0.228197,2.488386
-0.495019,2.489702
-0.757235,2.489702
-1.041495,2.487399
-1.258638,2.487728
-1.491244,2.488715
-1.719244,2.489044
-1.912699,2.489373
-2.108786,2.488715
-2.302570,2.487728
-2.458848,2.490689
-2.599662,2.490031
-2.712511,2.489702
-2.836217,2.488057
-2.918797,2.490031
-2.976044,2.489702
-3.044149,2.491676
-3.048426,2.490360
-3.020789,2.489373
-2.978018,2.490360
-2.921758,2.489044
-2.860234,2.491018
-2.819767,2.489702
-2.759888,2.490689
-2.714485,2.488715
-2.691783,2.489044
-2.635194,2.490689
-2.580251,2.489373
-2.523991,2.489702
-2.464112,2.487070
-2.416077,2.486741
-2.372319,2.490360
-2.343367,2.491676
-2.309479,2.489702
-2.261444,2.487728
-2.206500,2.489044
-2.146951,2.492005
-2.134777,2.489702
-2.104509,2.488715
-2.054500,2.489702
-2.005478,2.490031
-1.984422,-2.484839
-1.926846,-2.484510
-1.906119,-2.485168
-1.871244,-2.485168
-1.856439,-2.485497
-1.797876,-2.484839
-1.774517,-2.485168
-1.752803,-2.484510
-1.706742,-2.484839
-1.698846,-2.484510
-1.680751,-2.484510
-1.647850,-2.485168
-1.611989,-2.485168
-1.588958,-2.485497
-1.563296,-2.484839
-1.552768,-2.484510
-1.500785,-2.485168
-1.480716,-2.485168
-1.458673,-2.485497
-1.446170,-2.485497
-1.435971,-2.486155
-1.418863,-2.484839
-1.439590,-2.483852
-1.433668,-2.484839
-1.429720,-2.484839
-1.435642,-2.484510
-1.452750,-2.485497
-1.414257,-2.484839
-1.412941,-2.485168
-1.425772,-2.484839
-1.400768,-2.485168
-1.433997,-2.484510
-1.458015,-2.484839
-1.448802,-2.485168
-1.408664,-2.485168
-1.436958,-2.485497
-1.441564,-2.484181
-1.438603,-2.484839
-1.425443,-2.484510
-1.429391,-2.484510
-1.441564,-2.484839
-1.424456,-2.484839
-1.425114,-2.484839
-1.429391,-2.484839
-1.418205,-2.484839
-1.443867,-2.484839
-1.434655,-2.485497
-1.429391,-2.484181
-1.436958,-2.485168
-1.438603,-2.485168
-1.415902,-2.485168
-1.413599,-2.484839
-1.418863,-2.485826
-1.417876,-2.484510
-1.412612,-2.485168
-1.410638,-2.485168
-1.425772,-2.485168
-1.419521,-2.484839
-1.409322,-2.485497
-1.433997,-2.484510
-1.433997,-2.485826
-1.438932,-2.485168
-1.446170,-2.484510
-1.423140,-2.485168
-1.428075,-2.484839
-1.435971,-2.484510
-1.422153,-2.484839
-1.443538,-2.484839
-1.412941,-2.484839
-1.410638,-2.484510
-1.431694,-2.484839
-1.456370,-2.485497
-1.427088,-2.484839
-1.421166,-2.485168
-1.437287,-2.484839
-1.417547,-2.484839
-1.444525,-2.485168
-1.424127,-2.484839
-1.434326,-2.484839
-1.419850,-2.484839
-1.422153,-2.484181
-1.437945,-2.484181
-1.432681,-2.484510
-1.413928,2.491676
-1.422482,2.490031
-1.415902,2.489702
-1.368854,2.492334
-1.325097,2.491347
-1.304040,2.490360
-1.289235,2.489702
-1.249097,2.489373
-1.213235,2.489373
-1.197772,2.491347
-1.170794,2.490031
-1.133616,2.489044
-1.132300,2.491018
-1.082950,2.488386
-1.061235,2.488057
-1.049720,2.491347
-0.996092,2.489702
-0.980958,2.490689
-0.945755,2.489044
-0.925357,2.488715
-0.901010,2.490689
-0.888179,2.490360
-0.865807,2.487728
-0.858240,2.488715
-0.815798,2.490360
-0.758880,2.490360
-0.768093,2.488386
-0.753945,2.488715
-0.727625,2.489373
-0.690119,2.488715
-0.675642,2.489373
-0.658205,2.488715
-0.630240,2.491347
-0.612145,2.488386
-0.598326,2.488057
-0.573980,2.487728
-0.542067,2.490031
-0.547989,2.490689
-0.534500,2.490360
-0.491729,2.490031
-0.482188,2.490031
-0.474292,2.488715
-0.456197,2.488386
-0.458829,2.489044
-0.445340,2.489044
-0.447643,2.491018
-0.427573,2.489373
-0.415400,2.490689
-0.423954,2.489702
-0.402569,2.488057
-0.370327,2.487728
-0.390396,2.488057
-0.372959,2.489044
-0.355851,2.491676
-0.369998,2.490360
-0.368353,2.488715
-0.366708,2.489373
-0.375591,2.488386
-0.358483,2.490360
-0.370327,2.488057
-0.382171,2.488715
-0.369340,2.489702
-0.372301,2.489373
-0.380197,2.489702
-0.382500,2.490031
-0.396647,2.489044
-0.409807,2.489702
-0.407833,2.489702
-0.418032,2.488386
-0.429547,2.489702
-0.437115,2.491676
-0.457513,2.490689
-0.477253,2.491347
-0.496993,2.489373
-0.516075,2.491018
-0.505547,2.489373
-0.555227,2.487070
-0.572664,2.489373
-0.587469,2.489373
-0.597997,2.487399
-0.642742,2.488057
-0.671036,2.488715
-0.696370,2.490689
-0.729270,2.490360
-0.724006,-2.485497
-0.753287,-2.484181
-0.775989,-2.485497
-0.805599,-2.485168
-0.852318,-2.485168
-0.877980,-2.485168
-0.916144,-2.485168
-0.956283,-2.484510
-0.959902,-2.484510
-1.026032,-2.485168
-1.055313,-2.484839
-1.067486,-2.484839
-1.102361,-2.485168
-1.133616,-2.484839
-1.154343,-2.484839
-1.213235,-2.485168
-1.223763,-2.485168
-1.266205,-2.485168
-1.289893,-2.485168
-1.335296,-2.485497
-1.376421,-2.484839
-1.381685,-2.484510
-1.405045,-2.484839
-1.427746,-2.485497
-1.411954,-2.485168
-1.422811,-2.484839
-1.439590,-2.486155
-1.450447,-2.484839
-1.438603,-2.485826
-1.440906,-2.485168
-1.438932,-2.484839
-1.431365,-2.484839
-1.423140,-2.484181
-1.437616,-2.484510
-1.433668,-2.485168
-1.427417,-2.485168
-1.419850,-2.484839
-1.427088,-2.484181
-1.441564,-2.484510
-1.425443,-2.484181
-1.408664,-2.484510
-1.413928,-2.485168
-1.441564,-2.484510
-1.403729,-2.484839
-1.436958,-2.484839
-1.413599,-2.484510
-1.429391,-2.484839
-1.421824,-2.484510
-1.433668,-2.484839
-1.424456,-2.484510
-1.435642,-2.485497
-1.444525,-2.484839
-1.423140,-2.484839
-1.416560,-2.484181
-1.439919,-2.484839
-1.439919,-2.485168
-1.443209,-2.485497
-1.445183,-2.485497
-1.437287,-2.484839
-1.427088,-2.484839
-1.420837,-2.484839
-1.417876,-2.485497
-1.411296,-2.485168
-1.384318,-2.485168
-1.370499,-2.485168
-1.365564,-2.484839
-1.362603,-2.484181
-1.332335,-2.484839
-1.346482,-2.484181
-1.323781,-2.485168
-1.331677,-2.484839
-1.307001,-2.484181
-1.306672,-2.484181
-1.305356,-2.485168
-1.301408,-2.484510
-1.290880,-2.485168
-1.310621,-2.484839
-1.307988,-2.484181
-1.316214,-2.484839
-1.297460,-2.483852
-1.295157,-2.484510
-1.299105,-2.483852
-1.317859,-2.484181
-1.332993,2.492005
-1.332664,2.490689
-1.336941,2.492005
-1.357997,2.490689
-1.372144,2.491676
-1.365893,2.487728
-1.391885,2.490360
-1.413270,2.491347
-1.407348,2.489373
-1.421495,2.489044
-1.436958,2.488386
-1.429391,2.489702
-1.417218,2.490031
-1.426101,2.490360
-1.437616,2.491018
-1.435313,2.490031
-1.416560,2.488386
-1.436958,2.489702
-1.430707,2.488057
-1.405374,2.492992
-1.441893,2.492334
-1.412283,2.490360
-1.436300,2.491018
-1.420179,2.489044
-1.420837,2.489373
-1.415573,2.490031
-1.420508,2.489702
-1.441564,2.491347
-1.425114,2.490360
-1.441893,2.490031
-1.415244,2.489373
-1.435971,2.487399
-1.426759,2.489373
-1.411954,2.489702
-1.461963,2.489044
-1.426430,2.491676
-1.407019,2.491347
-1.425443,2.490031
-1.429720,2.488715
-1.435642,2.488715
-1.422811,2.490360
-1.419192,2.490031
-1.430378,2.490031
-1.425772,2.489702
-1.412612,2.488057
-1.449789,2.489373
-1.440906,2.487399
-1.431365,2.488715
-1.420837,2.490360
-1.436300,2.489373
-1.410309,2.491018
-1.425443,2.489702
-1.434984,2.487728
-1.428733,2.491347
-1.457686,2.489373
-1.417876,2.489373
-1.420508,2.488715
-1.428075,2.490360
-1.410309,2.490360
-1.428404,2.488715
-1.440577,2.489044
-1.443209,2.487728
-1.420179,2.489702
-1.452421,2.489702
-1.431036,2.486741
-1.434326,2.489044
-1.455053,2.488386
-1.421495,2.490031
-1.445841,2.490031
-1.417876,2.490360
-1.416560,2.489373
-1.428075,2.490689
-1.410638,2.488386
-1.433339,2.488715
-1.428404,2.489373
-1.421166,2.489044
-1.429062,2.489373
-1.440577,2.488386
-1.424127,2.489702
-1.424456,2.488715
-1.428733,2.488386
-1.422482,2.488386
-1.414915,2.489702
-1.428404,-2.484839
-1.448802,-2.484839
-1.421824,-2.484181
-1.415244,-2.485168
-1.429062,-2.484510
-1.455053,-2.484839
-1.410309,-2.484181
-1.425772,-2.484181
-1.447157,-2.484839
-1.436958,-2.484510
-1.417218,-2.484510
-1.437945,-2.484839
-1.423140,-2.484839
-1.428733,-2.484839
-1.411625,-2.486155
-1.434655,-2.485168
-1.419850,-2.484510
-1.423798,-2.485168
-1.436300,-2.485168
-1.431036,-2.484839
-1.426101,-2.485168
-1.428404,-2.485168
-1.430707,-2.484510
-1.420179,-2.484510
-1.414915,-2.484510
-1.424456,-2.484510
-1.429391,-2.484510
-1.446170,-2.484839
-1.423140,-2.485168
-1.438932,-2.485168
-1.430049,-2.484510
-1.407348,-2.484839
-1.449460,-2.484181
-1.418863,-2.485168
-1.423140,-2.485168
-1.421824,-2.484839
-1.428404,-2.485497
-1.437945,-2.485497
-1.412941,-2.484839
