SignalRecordInator saved data
note:Some example data, two channels with time.
numChannels: 2
Channels: t, AI0, AI1,
SamplingFrequency: 1000
0.000000,0.856199,1.841236
0.001000,0.848303,1.833998
0.002000,0.869030,1.824785
0.003000,0.877584,1.816231
0.004000,0.857515,1.807677
0.005000,0.869688,1.800110
0.006000,0.885480,1.791885
0.007000,0.888441,1.782673
0.008000,0.893047,1.774777
0.009000,0.915420,1.767539
0.010000,0.888770,1.758327
0.011000,0.912459,1.750102
0.012000,0.914762,1.743193
0.013000,0.912788,1.734309
0.014000,0.924303,1.723781
0.015000,0.929238,1.715227
0.016000,0.937792,1.708976
0.017000,0.908182,1.699764
0.018000,0.919039,1.691539
0.019000,0.915420,1.681340
0.020000,0.933515,1.675089
0.021000,0.942727,1.665877
0.022000,0.891731,1.657981
0.023000,0.925948,1.648440
0.024000,0.928580,1.640872
0.025000,0.937463,1.632318
0.026000,0.935160,1.624422
0.027000,0.924632,1.616855
0.028000,0.928251,1.608301
0.029000,0.914433,1.599418
0.030000,0.922658,1.590535
0.031000,0.942398,1.582968
0.032000,0.907524,1.574085
0.033000,0.910814,1.565531
0.034000,0.927593,1.556977
0.035000,0.935818,1.549738
0.036000,0.926277,1.540855
0.037000,0.937134,1.532301
0.038000,0.928909,1.523747
0.039000,0.902917,1.516180
0.040000,0.907524,1.507297
0.041000,0.904234,1.499072
0.042000,0.900943,1.490518
0.043000,0.894692,1.483938
0.044000,0.887783,1.474726
0.045000,0.902259,1.465843
0.046000,0.879887,1.458933
0.047000,0.867714,1.450050
0.048000,0.879887,1.440838
0.049000,0.858831,1.432284
0.050000,0.871004,1.425375
0.051000,0.844355,1.416821
0.052000,0.868701,1.407938
0.053000,0.852251,1.399384
0.054000,0.834485,1.391817
0.055000,0.832511,1.383592
0.056000,0.851922,1.374709
0.057000,0.818693,1.366154
0.058000,0.820996,1.359245
0.059000,0.829550,1.350691
0.060000,0.810796,1.342137
0.061000,0.792043,1.333912
0.062000,0.762762,1.326016
0.063000,0.789740,1.317133
0.064000,0.794675,1.306934
0.065000,0.767039,1.299696
0.066000,0.766381,1.291471
0.067000,0.737100,1.282917
0.068000,0.737429,1.274033
0.069000,0.721966,1.265808
0.070000,0.722295,1.258241
0.071000,0.713740,1.248700
0.072000,0.707160,1.240475
0.073000,0.689394,1.232908
0.074000,0.690381,1.224354
0.075000,0.678208,1.215800
0.076000,0.653862,1.208891
0.077000,0.668996,1.200337
0.078000,0.656165,1.191454
0.079000,0.623593,1.182571
0.080000,0.628200,1.174345
0.081000,0.625896,1.165462
0.082000,0.601879,1.156579
0.083000,0.570295,1.148354
0.084000,0.577204,1.141445
0.085000,0.561083,1.132562
0.086000,0.555161,1.124008
0.087000,0.544962,1.114796
0.088000,0.538382,1.107558
0.089000,0.520615,1.099004
0.090000,0.503178,1.090779
0.091000,0.499559,1.082882
0.092000,0.479819,1.074657
0.093000,0.499559,1.066432
0.094000,0.456131,1.057549
0.095000,0.433429,1.049982
0.096000,0.426191,1.041757
0.097000,0.439022,1.032545
0.098000,0.400529,1.023662
0.099000,0.399213,1.016753
0.100000,0.361049,1.007870
0.101000,0.370261,0.999316
0.102000,0.354798,0.990761
0.103000,0.350849,0.983523
0.104000,0.316962,0.975298
0.105000,0.301499,0.965428
0.106000,0.290313,0.957203
0.107000,0.282417,0.949636
0.108000,0.263005,0.941082
0.109000,0.236685,0.933186
0.110000,0.229776,0.925619
0.111000,0.222209,0.916736
0.112000,0.216287,0.907853
0.113000,0.198521,0.898311
0.114000,0.163975,0.891402
0.115000,0.171542,0.883177
0.116000,0.168252,0.873307
0.117000,0.113967,0.865740
0.118000,0.124495,0.858502
0.119000,0.078763,0.849619
0.120000,0.091924,0.841065
0.121000,0.098504,0.832511
0.122000,0.057378,0.824944
0.123000,0.045205,0.815732
0.124000,0.033032,0.807506
0.125000,0.022175,0.800268
0.126000,0.009344,0.792372
0.127000,-0.030466,0.783160
0.128000,-0.020596,0.774935
0.129000,-0.054812,0.767697
0.130000,-0.060076,0.757498
0.131000,-0.069946,0.748286
0.132000,-0.091002,0.740061
0.133000,-0.112717,0.732823
0.134000,-0.117981,0.723940
0.135000,-0.121929,0.715385
0.136000,-0.149236,0.706502
0.137000,-0.168976,0.698606
0.138000,-0.180821,0.690710
0.139000,-0.191349,0.682156
0.140000,-0.206483,0.674589
0.141000,-0.240370,0.666035
0.142000,-0.229184,0.657152
0.143000,-0.254846,0.648598
0.144000,-0.265704,0.641689
0.145000,-0.271297,0.633464
0.146000,-0.312751,0.624580
0.147000,-0.329530,0.614381
0.148000,-0.320647,0.607143
0.149000,-0.340387,0.598918
0.150000,-0.350258,0.590035
0.151000,-0.369669,0.580823
0.152000,-0.366708,0.574243
0.153000,-0.383816,0.565689
0.154000,-0.428889,0.556806
0.155000,-0.434812,0.548581
0.156000,-0.428889,0.539698
0.157000,-0.447643,0.531143
0.158000,-0.463106,0.522918
0.159000,-0.489097,0.515680
0.160000,-0.497651,0.506797
0.161000,-0.509495,0.498243
0.162000,-0.504231,0.490018
0.163000,-0.522327,0.482451
0.164000,-0.554240,0.473897
0.165000,-0.567729,0.465343
0.166000,-0.570032,0.456789
0.167000,-0.579902,0.448893
0.168000,-0.605565,0.440009
0.169000,-0.620699,0.431455
0.170000,-0.602604,0.423559
0.171000,-0.644716,0.414347
0.172000,-0.638136,0.406122
0.173000,-0.671036,0.397239
0.174000,-0.685184,0.390330
0.175000,-0.689790,0.381776
0.176000,-0.701963,0.372893
0.177000,-0.712162,0.363681
0.178000,-0.717755,0.357101
0.179000,-0.745062,0.348546
0.180000,-0.750984,0.338676
0.181000,-0.746049,0.330122
0.182000,-0.775002,0.323542
0.183000,-0.786846,0.314988
0.184000,-0.806257,0.306763
0.185000,-0.799348,0.296893
0.186000,-0.797045,0.289984
0.187000,-0.829287,0.281430
0.188000,-0.832906,0.273205
0.189000,-0.837841,0.265638
0.190000,-0.871400,0.257083
0.191000,-0.868110,0.248529
0.192000,-0.857582,0.239975
0.193000,-0.878638,0.232408
0.194000,-0.870413,0.223854
0.195000,-0.888179,0.214971
0.196000,-0.910222,0.205101
0.197000,-0.902655,0.198192
0.198000,-0.901339,0.189309
0.199000,-0.920750,0.180426
0.200000,-0.920421,0.172200
0.201000,-0.961218,0.164633
0.202000,-0.949374,0.155421
0.203000,-0.949374,0.147196
0.204000,-0.958257,0.140287
0.205000,-0.976681,0.131733
0.206000,-0.989183,0.123508
0.207000,-0.979971,0.114954
0.208000,-0.976681,0.107716
0.209000,-0.993789,0.099162
0.210000,-1.015175,0.089950
0.211000,-1.008266,0.081395
0.212000,-1.005963,0.074815
0.213000,-1.014846,0.065274
0.214000,-1.023729,0.056391
0.215000,-1.022084,0.047508
0.216000,-1.028006,0.040928
0.217000,-1.042153,0.032374
0.218000,-1.028993,0.022833
0.219000,-1.041166,0.015595
0.220000,-1.028006,0.006383
0.221000,-1.052681,-0.002171
0.222000,-1.040837,-0.010068
0.223000,-1.066499,-0.017306
0.224000,-1.063209,-0.025860
0.225000,-1.049062,-0.035072
0.226000,-1.051036,-0.043297
0.227000,-1.062880,-0.050206
0.228000,-1.069789,-0.059089
0.229000,-1.062880,-0.067643
0.230000,-1.053668,-0.076855
0.231000,-1.073408,-0.084093
0.232000,-1.066170,-0.092648
0.233000,-1.063209,-0.101531
0.234000,-1.063538,-0.109756
0.235000,-1.058274,-0.117323
0.236000,-1.055313,-0.126206
0.237000,-1.072421,-0.134760
0.238000,-1.070118,-0.142656
0.239000,-1.053668,-0.151539
0.240000,-1.050049,-0.159764
0.241000,-1.064525,-0.168647
0.242000,-1.063538,-0.175556
0.243000,-1.075053,-0.183782
0.244000,-1.077027,-0.193323
0.245000,-1.055971,-0.201877
0.246000,-1.060577,-0.209444
0.247000,-1.048733,-0.217669
0.248000,-1.054655,-0.226552
0.249000,-1.054984,-0.235435
0.250000,-1.034915,-0.243002
0.251000,-1.045772,-0.251227
0.252000,-1.026032,-0.259452
0.253000,-1.045114,-0.267678
0.254000,-1.028335,-0.277219
0.255000,-1.035573,-0.285444
0.256000,-1.016491,-0.293998
0.257000,-1.026361,-0.301565
0.258000,-1.032283,-0.310119
0.259000,-1.008595,-0.318015
0.260000,-0.990499,-0.326898
0.261000,-0.973062,-0.334136
0.262000,-0.981287,-0.343348
0.263000,-0.973062,-0.352890
0.264000,-0.982274,-0.361773
0.265000,-0.953980,-0.369669
0.266000,-0.955296,-0.377894
0.267000,-0.948058,-0.386448
0.268000,-0.947729,-0.393686
0.269000,-0.933582,-0.402240
0.270000,-0.912854,-0.411452
0.271000,-0.930292,-0.419348
0.272000,-0.912196,-0.425599
0.273000,-0.916802,-0.434153
0.274000,-0.925357,-0.443037
0.275000,-0.885218,-0.451920
0.276000,-0.878967,-0.459158
0.277000,-0.871729,-0.467383
0.278000,-0.851660,-0.476924
0.279000,-0.840144,-0.486465
0.280000,-0.839815,-0.493703
0.281000,-0.841460,-0.501928
0.282000,-0.824023,-0.510811
0.283000,-0.822378,-0.518708
0.284000,-0.800006,-0.527262
0.285000,-0.796716,-0.535158
0.286000,-0.770725,-0.544041
0.287000,-0.766448,-0.551608
0.288000,-0.778292,-0.560820
0.289000,-0.753287,-0.569703
0.290000,-0.730586,-0.577270
0.291000,-0.746049,-0.585166
0.292000,-0.710517,-0.593720
0.293000,-0.709530,-0.602604
0.294000,-0.695383,-0.611158
0.295000,-0.697357,-0.618725
0.296000,-0.673339,-0.627608
0.297000,-0.672023,-0.636162
0.298000,-0.630240,-0.644716
0.299000,-0.646690,-0.651954
0.300000,-0.629911,-0.660837
0.301000,-0.609842,-0.669391
0.302000,-0.591088,-0.676629
0.303000,-0.588456,-0.686171
0.304000,-0.596023,-0.694725
0.305000,-0.564768,-0.702950
0.306000,-0.521340,-0.709859
0.307000,-0.516404,-0.718413
0.308000,-0.521669,-0.727625
0.309000,-0.493703,-0.736179
0.310000,-0.491729,-0.742759
0.311000,-0.458829,-0.750984
0.312000,-0.454552,-0.760854
0.313000,-0.454881,-0.768751
0.314000,-0.434482,-0.775989
0.315000,-0.406846,-0.784872
0.316000,-0.413755,-0.793755
0.317000,-0.379868,-0.800335
0.318000,-0.370327,-0.808889
0.319000,-0.356509,-0.817772
0.320000,-0.333478,-0.826655
0.321000,-0.319331,-0.833564
0.322000,-0.334136,-0.842776
0.323000,-0.306829,-0.851331
0.324000,-0.279522,-0.859556
0.325000,-0.265375,-0.866794
0.326000,-0.252543,-0.876006
0.327000,-0.250240,-0.884889
0.328000,-0.249582,-0.892456
0.329000,-0.219972,-0.901997
0.330000,-0.195626,-0.910222
0.331000,-0.188717,-0.918118
0.332000,-0.169963,-0.925686
0.333000,-0.171937,-0.934569
0.334000,-0.121929,-0.943781
0.335000,-0.114033,-0.952664
0.336000,-0.097583,-0.959244
0.337000,-0.099557,-0.968785
0.338000,-0.088699,-0.977339
0.339000,-0.055141,-0.985564
0.340000,-0.046587,-0.992802
0.341000,-0.030795,-1.001356
0.342000,-0.009410,-1.010569
0.343000,-0.004475,-1.018465
0.344000,0.012634,-1.025374
0.345000,0.038954,-1.034586
0.346000,0.041257,-1.044456
0.347000,0.058365,-1.053010
0.348000,0.083369,-1.060577
0.349000,0.093240,-1.068473
0.350000,0.100807,-1.076698
0.351000,0.105413,-1.084924
0.352000,0.119231,-1.093478
0.353000,0.158382,-1.102361
0.354000,0.147854,-1.111573
0.355000,0.187664,-1.119469
0.356000,0.193586,-1.126707
0.357000,0.209049,-1.136248
0.358000,0.216945,-1.143815
0.359000,0.225828,-1.151711
0.360000,0.247213,-1.159937
0.361000,0.261031,-1.169149
0.362000,0.293932,-1.178361
0.363000,0.300183,-1.185928
0.364000,0.301170,-1.194153
0.365000,0.322884,-1.203036
0.366000,0.334399,-1.209945
0.367000,0.355785,-1.219157
0.368000,0.359404,-1.227382
0.369000,0.375525,-1.235608
0.370000,0.395594,-1.242846
0.371000,0.401187,-1.252716
0.372000,0.410728,-1.260941
0.373000,0.415663,-1.269824
0.374000,0.440996,-1.277062
0.375000,0.460408,-1.285287
0.376000,0.469620,-1.294828
0.377000,0.469291,-1.303382
0.378000,0.481464,-1.310621
0.379000,0.485412,-1.319833
0.380000,0.513048,-1.328716
0.381000,0.521602,-1.335954
0.382000,0.519299,-1.344508
0.383000,0.540027,-1.353062
0.384000,0.583784,-1.361945
0.385000,0.575230,-1.368854
0.386000,0.572598,-1.378066
0.387000,0.587732,-1.385963
0.388000,0.599576,-1.394846
0.389000,0.618658,-1.401755
0.390000,0.618658,-1.410967
0.391000,0.638070,-1.419521
0.392000,0.655178,-1.427746
0.393000,0.663074,-1.435642
0.394000,0.653533,-1.444196
0.395000,0.688736,-1.453408
0.396000,0.670970,-1.459989
0.397000,0.722295,-1.469201
0.398000,0.730191,-1.478413
0.399000,0.711437,-1.486638
0.400000,0.725256,-1.493218
0.401000,0.734468,-1.502430
0.402000,0.735126,-1.510984
0.403000,0.757827,-1.519867
0.404000,0.781186,-1.526776
0.405000,0.754537,-1.535331
0.406000,0.806848,-1.544214
0.407000,0.793688,-1.552768
0.408000,0.784805,-1.559677
0.409000,0.813100,-1.567902
0.410000,0.800597,-1.577443
0.411000,0.839749,-1.586326
0.412000,0.809480,-1.594222
0.413000,0.837775,-1.603106
0.414000,0.826918,-1.611002
0.415000,0.844026,-1.619227
0.416000,0.849290,-1.627781
0.417000,0.862450,-1.635677
0.418000,0.843697,-1.644560
0.419000,0.860805,-1.652456
0.420000,0.904563,-1.661668
0.421000,0.868043,-1.669893
0.422000,0.874294,-1.678777
0.423000,0.877584,-1.686015
0.424000,0.891731,-1.694569
0.425000,0.901601,-1.703452
0.426000,0.890086,-1.711348
0.427000,0.901272,-1.719573
0.428000,0.892718,-1.728456
0.429000,0.906537,-1.736681
0.430000,0.897324,-1.743920
0.431000,0.914433,-1.752474
0.432000,0.905221,-1.761357
0.433000,0.929567,-1.769911
0.434000,0.928580,-1.777149
0.435000,0.922987,-1.786361
0.436000,0.915091,-1.795244
0.437000,0.937792,-1.803140
0.438000,0.913117,-1.810379
0.439000,0.924303,-1.819262
0.440000,0.923974,-1.828474
0.441000,0.915420,-1.837357
0.442000,0.926606,-1.843937
0.443000,0.919039,-1.852162
0.444000,0.947004,-1.861045
0.445000,0.941411,-1.868941
0.446000,0.911143,-1.876837
0.447000,0.933515,-1.885392
0.448000,0.926277,-1.893946
0.449000,0.926935,-1.902171
0.450000,0.938121,-1.910396
0.451000,0.927264,-1.918950
0.452000,0.929238,-1.928162
0.453000,0.914104,-1.935071
0.454000,0.906866,-1.943625
0.455000,0.903246,-1.952180
0.456000,0.924303,-1.960734
0.457000,0.908511,-1.968630
0.458000,0.914104,-1.977184
0.459000,0.908840,-1.985409
0.460000,0.910156,-1.992976
0.461000,0.867385,-2.002188
0.462000,0.904563,-2.011729
0.463000,0.873307,-2.020613
0.464000,0.872320,-2.027522
0.465000,0.860476,-2.036405
0.466000,0.869030,-2.044630
0.467000,0.871004,-2.053184
0.468000,0.849948,-2.060093
0.469000,0.861463,-2.069634
0.470000,0.829221,-2.078189
0.471000,0.827576,-2.087401
0.472000,0.841723,-2.093652
0.473000,0.830208,-2.103193
0.474000,0.833827,-2.112405
0.475000,0.820996,-2.120630
0.476000,0.833827,-2.127210
0.477000,0.794017,-2.136093
0.478000,0.787108,-2.145964
0.479000,0.803229,-2.153202
0.480000,0.770000,-2.161098
0.481000,0.790727,-2.170639
0.482000,0.766710,-2.179193
0.483000,0.753879,-2.186431
0.484000,0.739403,-2.194656
0.485000,0.742364,-2.203539
0.486000,0.721308,-2.213739
0.487000,0.722624,-2.220648
0.488000,0.717030,-2.228873
0.489000,0.692026,-2.238085
0.490000,0.711766,-2.246968
0.491000,0.693342,-2.253877
0.492000,0.651888,-2.262431
0.493000,0.655178,-2.270656
0.494000,0.656494,-2.278553
0.495000,0.646295,-2.287436
0.496000,0.628529,-2.296319
0.497000,0.605169,-2.304873
0.498000,0.622277,-2.312440
0.499000,0.599576,-2.321323
0.500000,0.581481,-2.329548
0.501000,0.571611,-2.338103
0.502000,0.569308,-2.345341
0.503000,0.557464,-2.355211
0.504000,0.535750,-2.363765
0.505000,0.527853,-2.371661
0.506000,0.517325,-2.378899
0.507000,0.494295,-2.387782
0.508000,0.487386,-2.396995
0.509000,0.491992,-2.403575
0.510000,0.464027,-2.412458
0.511000,0.455802,-2.421341
0.512000,0.424546,-2.429895
0.513000,0.427507,-2.437462
0.514000,0.398884,-2.446345
0.515000,0.376841,-2.455228
0.516000,0.378157,-2.463125
0.517000,0.374867,-2.470692
0.518000,0.368616,-2.478588
0.519000,0.334399,-2.488458
0.520000,0.334070,-2.496354
0.521000,0.317949,-2.503592
0.522000,0.316633,-2.512146
0.523000,0.270573,-2.521359
0.524000,0.269915,-2.528597
0.525000,0.259057,-2.536822
0.526000,0.254122,-2.545047
0.527000,0.233395,-2.553601
0.528000,0.210694,-2.561826
0.529000,0.214642,-2.571038
0.530000,0.184703,-2.579264
0.531000,0.184045,-2.588147
0.532000,0.157724,-2.595385
0.533000,0.146867,-2.604597
0.534000,0.126798,-2.613151
0.535000,0.124824,-2.621376
0.536000,0.101794,-2.628943
0.537000,0.094556,-2.637169
0.538000,0.067577,-2.646052
0.539000,0.037309,-2.654606
0.540000,0.048495,-2.662831
0.541000,0.018227,-2.670398
0.542000,0.009015,-2.679281
0.543000,-0.014674,-2.686190
0.544000,-0.028821,-2.695402
0.545000,-0.043955,-2.704615
0.546000,-0.054483,-2.713169
0.547000,-0.066985,-2.720407
0.548000,-0.076855,-2.728632
0.549000,-0.114362,-2.736857
0.550000,-0.099228,-2.746069
0.551000,-0.121600,-2.753307
0.552000,-0.131470,-2.762849
0.553000,-0.146604,-2.772061
0.554000,-0.168318,-2.780286
0.555000,-0.182137,-2.787195
0.556000,-0.188059,-2.796407
0.557000,-0.215037,-2.804632
0.558000,-0.233461,-2.812200
0.559000,-0.234448,-2.821083
0.560000,-0.270310,-2.829308
0.561000,-0.273600,-2.838520
0.562000,-0.287747,-2.845429
0.563000,-0.300249,-2.853983
0.564000,-0.330188,-2.862866
0.565000,-0.307158,-2.871750
0.566000,-0.339071,-2.878659
0.567000,-0.360786,-2.887542
0.568000,-0.366379,-2.896096
0.569000,-0.400595,-2.905966
0.570000,-0.401253,-2.912217
0.571000,-0.401582,-2.920771
0.572000,-0.425270,-2.929984
0.573000,-0.454552,-2.937222
0.574000,-0.450604,-2.945447
0.575000,-0.487781,-2.954330
0.576000,-0.503902,-2.962555
0.577000,-0.496664,-2.970122
0.578000,-0.509824,-2.976373
0.579000,-0.529236,-2.967490
0.580000,-0.540093,-2.957949
0.581000,-0.550950,-2.951040
0.582000,-0.535487,-2.942815
0.583000,-0.600629,-2.934590
0.584000,-0.617409,-2.925378
0.585000,-0.592075,-2.918468
0.586000,-0.602933,-2.909914
0.587000,-0.631227,-2.901031
0.588000,-0.641426,-2.893135
0.589000,-0.654586,-2.884910
0.590000,-0.688145,-2.876027
0.591000,-0.677945,-2.867802
0.592000,-0.686829,-2.859905
0.593000,-0.699331,-2.851351
0.594000,-0.741772,-2.842797
0.595000,-0.713807,-2.833914
0.596000,-0.749339,-2.826347
0.597000,-0.766448,-2.817464
0.598000,-0.753287,-2.808909
0.599000,-0.760196,-2.800684
0.600000,-0.780266,-2.793446
0.601000,-0.793097,-2.784234
0.602000,-0.800993,-2.776338
0.603000,-0.806586,-2.768442
0.604000,-0.823365,-2.760217
0.605000,-0.828958,-2.750675
0.606000,-0.852318,-2.741792
0.607000,-0.859885,-2.735212
0.608000,-0.843105,-2.726658
0.609000,-0.853305,-2.718762
0.610000,-0.869426,-2.708563
0.611000,-0.899365,-2.702312
0.612000,-0.886534,-2.692770
0.613000,-0.896404,-2.683558
0.614000,-0.914499,-2.674346
0.615000,-0.916144,-2.667437
0.616000,-0.919105,-2.659212
0.617000,-0.944439,-2.650329
0.618000,-0.927989,-2.642104
0.619000,-0.943452,-2.634536
0.620000,-0.959573,-2.626640
0.621000,-0.962534,-2.617099
0.622000,-0.962863,-2.609861
0.623000,-0.965166,-2.601307
0.624000,-0.972733,-2.592753
0.625000,-1.014188,-2.583541
0.626000,-1.003989,-2.576302
0.627000,-1.014188,-2.567748
0.628000,-0.985235,-2.559523
0.629000,-1.003989,-2.549653
0.630000,-1.050049,-2.542086
0.631000,-1.033270,-2.533532
0.632000,-1.003331,-2.525307
0.633000,-1.016491,-2.516094
0.634000,-1.024058,-2.508856
0.635000,-1.030638,-2.499973
0.636000,-1.041495,-2.492077
0.637000,-1.050049,-2.485497
0.638000,-1.052352,-2.476614
0.639000,-1.052352,-2.467402
0.640000,-1.056629,-2.458848
0.641000,-1.042482,-2.452596
0.642000,-1.038534,-2.443384
0.643000,-1.053339,-2.434830
0.644000,-1.061893,-2.426605
0.645000,-1.063209,-2.419038
0.646000,-1.071763,-2.410155
0.647000,-1.064525,-2.400943
0.648000,-1.057945,-2.392388
0.649000,-1.064196,-2.385808
0.650000,-1.052681,-2.376267
0.651000,-1.050707,-2.367713
0.652000,-1.072421,-2.360475
0.653000,-1.068144,-2.352250
0.654000,-1.082950,-2.342380
0.655000,-1.056629,-2.334155
0.656000,-1.082950,-2.326587
0.657000,-1.061235,-2.318362
0.658000,-1.061235,-2.309808
0.659000,-1.062222,-2.301583
0.660000,-1.051694,-2.293029
0.661000,-1.038534,-2.285133
0.662000,-1.039521,-2.275921
0.663000,-1.043469,-2.266708
0.664000,-1.061893,-2.260128
0.665000,-1.041824,-2.250916
0.666000,-1.031954,-2.242362
0.667000,-1.043469,-2.233150
0.668000,-1.031296,-2.226570
0.669000,-1.021755,-2.217687
0.670000,-1.003331,-2.208146
0.671000,-1.030309,-2.201565
0.672000,-1.005634,-2.193011
0.673000,-1.018794,-2.184457
0.674000,-1.026690,-2.174916
0.675000,-0.998066,-2.167678
0.676000,-0.996092,-2.159124
0.677000,-0.999053,-2.150570
0.678000,-1.003989,-2.141028
0.679000,-0.993789,-2.133132
0.680000,-0.970430,-2.124907
0.681000,-0.965824,-2.116353
0.682000,-0.966482,-2.107799
0.683000,-0.956941,-2.099574
0.684000,-0.961218,-2.090691
0.685000,-0.935227,-2.082795
0.686000,-0.916802,-2.075885
0.687000,-0.925357,-2.066344
0.688000,-0.927989,-2.057461
0.689000,-0.922066,-2.049565
0.690000,-0.897062,-2.041998
0.691000,-0.884560,-2.032786
0.692000,-0.877651,-2.024561
0.693000,-0.880941,-2.016007
0.694000,-0.860214,-2.008439
0.695000,-0.874032,-1.998569
0.696000,-0.862188,-1.989028
0.697000,-0.836196,-1.981132
0.698000,-0.833235,-1.973894
0.699000,-0.812179,-1.964682
0.700000,-0.811521,-1.956128
0.701000,-0.804283,-1.949219
0.702000,-0.779279,-1.940993
0.703000,-0.771712,-1.932110
0.704000,-0.741772,-1.923885
0.705000,-0.772370,-1.916647
0.706000,-0.740785,-1.907764
0.707000,-0.719071,-1.899539
0.708000,-0.707885,-1.890327
0.709000,-0.705253,-1.883089
0.710000,-0.700318,-1.874863
0.711000,-0.689790,-1.865651
0.712000,-0.678274,-1.855781
0.713000,-0.660837,-1.848872
0.714000,-0.648006,-1.840647
0.715000,-0.637149,-1.832422
0.716000,-0.624976,-1.823868
0.717000,-0.631227,-1.815643
0.718000,-0.590101,-1.808075
0.719000,-0.591088,-1.799521
0.720000,-0.571019,-1.791625
0.721000,-0.580560,-1.782742
0.722000,-0.542725,-1.774188
0.723000,-0.524301,-1.765634
0.724000,-0.515417,-1.758067
0.725000,-0.523643,-1.749184
0.726000,-0.496993,-1.740629
0.727000,-0.480872,-1.732404
0.728000,-0.463106,-1.724837
0.729000,-0.456526,-1.715954
0.730000,-0.426257,-1.707400
0.731000,-0.429876,-1.698846
0.732000,-0.416058,-1.691608
0.733000,-0.396976,-1.682396
0.734000,-0.387764,-1.673842
0.735000,-0.349599,-1.666932
0.736000,-0.349599,-1.658378
0.737000,-0.327885,-1.649166
0.738000,-0.334136,-1.639954
0.739000,-0.318015,-1.633374
0.740000,-0.277877,-1.625478
0.741000,-0.284786,-1.616595
0.742000,-0.251556,-1.606725
0.743000,-0.243331,-1.600803
0.744000,-0.236751,-1.592577
0.745000,-0.222275,-1.582378
0.746000,-0.217340,-1.573166
0.747000,-0.200232,-1.565928
0.748000,-0.179176,-1.557045
0.749000,-0.151539,-1.548491
0.750000,-0.148249,-1.540924
0.751000,-0.136405,-1.532699
0.752000,-0.112388,-1.524473
0.753000,-0.099886,-1.516248
0.754000,-0.098570,-1.508023
0.755000,-0.071591,-1.499798
0.756000,-0.065669,-1.491244
0.757000,-0.044613,-1.483019
0.758000,-0.026189,-1.474794
0.759000,-0.019609,-1.466569
0.760000,0.001119,-1.458344
0.761000,0.006054,-1.448473
0.762000,0.045205,-1.440577
0.763000,0.033690,-1.432023
0.764000,0.054088,-1.424127
0.765000,0.064945,-1.415902
0.766000,0.087647,-1.408006
0.767000,0.104426,-1.398465
0.768000,0.129759,-1.389911
0.769000,0.123508,-1.383331
0.770000,0.152460,-1.375105
0.771000,0.132062,-1.365893
0.772000,0.171871,-1.357339
0.773000,0.199508,-1.350759
0.774000,0.206746,-1.342205
0.775000,0.228460,-1.332993
0.776000,0.227802,-1.324439
0.777000,0.256754,-1.316872
0.778000,0.267612,-1.307659
0.779000,0.296564,-1.298447
0.780000,0.276824,-1.290551
0.781000,0.315317,-1.283971
0.782000,0.338676,-1.275088
0.783000,0.347230,-1.266205
0.784000,0.352823,-1.258309
0.785000,0.369932,-1.250084
0.786000,0.369932,-1.240872
0.787000,0.397568,-1.231988
0.788000,0.415334,-1.225079
0.789000,0.401845,-1.215867
0.790000,0.416321,-1.207971
0.791000,0.440338,-1.199417
0.792000,0.466988,-1.191521
0.793000,0.462711,-1.182309
0.794000,0.470278,-1.173097
0.795000,0.474555,-1.164872
0.796000,0.521602,-1.157633
0.797000,0.539698,-1.148750
0.798000,0.543317,-1.140196
0.799000,0.534762,-1.133287
0.800000,0.563715,-1.124733
0.801000,0.545949,-1.115521
0.802000,0.575230,-1.107625
0.803000,0.594641,-1.099729
0.804000,0.579178,-1.090846
0.805000,0.610433,-1.082292
0.806000,0.628858,-1.073079
0.807000,0.638728,-1.066170
0.808000,0.658468,-1.057287
0.809000,0.655836,-1.049062
0.810000,0.662416,-1.039850
0.811000,0.698606,-1.031954
0.812000,0.705186,-1.022742
0.813000,0.680840,-1.014517
0.814000,0.675905,-1.006621
0.815000,0.711766,-0.998724
0.816000,0.716701,-0.989841
0.817000,0.749273,-0.981287
0.818000,0.741048,-0.974378
0.819000,0.735126,-0.965495
0.820000,0.777567,-0.956612
0.821000,0.764736,-0.948387
0.822000,0.757827,-0.940491
0.823000,0.780857,-0.932266
0.824000,0.799281,-0.923382
0.825000,0.804216,-0.914828
0.826000,0.809480,-0.907261
0.827000,0.814416,-0.898378
0.828000,0.822641,-0.889166
0.829000,0.835143,-0.880941
0.830000,0.842381,-0.872716
0.831000,0.847974,-0.863833
0.832000,0.860805,-0.854950
0.833000,0.828563,-0.848370
0.834000,0.842052,-0.840144
0.835000,0.886467,-0.831261
0.836000,0.876926,-0.822707
0.837000,0.868701,-0.815469
0.838000,0.876926,-0.807244
0.839000,0.875281,-0.798361
0.840000,0.895679,-0.789478
0.841000,0.883506,-0.782569
0.842000,0.899627,-0.773686
0.843000,0.892389,-0.765132
0.844000,0.899627,-0.755261
0.845000,0.918710,-0.748352
0.846000,0.906208,-0.740127
0.847000,0.906537,-0.730915
0.848000,0.902259,-0.723677
0.849000,0.937792,-0.715452
0.850000,0.937463,-0.707227
0.851000,0.907853,-0.698015
0.852000,0.928580,-0.690777
0.853000,0.917065,-0.682551
0.854000,0.948320,-0.673997
0.855000,0.932528,-0.665443
0.856000,0.933515,-0.657547
0.857000,0.926935,-0.649322
0.858000,0.918052,-0.639781
0.859000,0.937463,-0.631556
0.860000,0.922000,-0.623660
0.861000,0.935489,-0.614777
0.862000,0.929896,-0.606552
0.863000,0.930883,-0.599642
0.864000,0.936476,-0.591417
0.865000,0.921671,-0.582205
0.866000,0.924303,-0.573322
0.867000,0.939437,-0.566742
0.868000,0.909498,-0.557530
0.869000,0.911143,-0.548976
0.870000,0.903905,-0.540422
0.871000,0.940424,-0.533513
0.872000,0.918052,-0.524630
0.873000,0.927264,-0.515746
0.874000,0.914433,-0.506205
0.875000,0.899956,-0.498967
0.876000,0.895679,-0.491400
0.877000,0.907853,-0.481201
0.878000,0.890086,-0.473634
0.879000,0.876597,-0.465080
0.880000,0.897324,-0.456855
0.881000,0.889428,-0.448630
0.882000,0.867385,-0.441063
0.883000,0.883506,-0.432508
0.884000,0.849290,-0.423625
0.885000,0.856528,-0.415071
0.886000,0.867385,-0.408162
0.887000,0.847974,-0.399279
0.888000,0.833827,-0.390725
0.889000,0.839749,-0.382171
0.890000,0.831195,-0.374275
0.891000,0.836788,-0.365392
0.892000,0.815074,-0.357496
0.893000,0.814416,-0.349928
0.894000,0.796649,-0.339729
0.895000,0.817706,-0.330846
0.896000,0.782502,-0.322621
0.897000,0.771974,-0.316041
0.898000,0.761117,-0.306500
0.899000,0.763749,-0.297946
0.900000,0.748286,-0.289063
0.901000,0.740719,-0.282154
0.902000,0.716043,-0.273271
0.903000,0.722624,-0.264058
0.904000,0.729862,-0.255504
0.905000,0.701238,-0.249253
0.906000,0.709792,-0.240370
0.907000,0.676563,-0.231158
0.908000,0.690710,-0.221946
0.909000,0.676892,-0.215695
0.910000,0.653862,-0.206483
0.911000,0.634451,-0.196942
0.912000,0.654849,-0.190033
0.913000,0.614710,-0.181479
0.914000,0.594641,-0.172924
0.915000,0.582139,-0.164041
0.916000,0.581152,-0.156803
0.917000,0.573914,-0.148249
0.918000,0.579836,-0.140024
0.919000,0.553516,-0.130483
0.920000,0.552529,-0.122916
0.921000,0.543646,-0.114033
0.922000,0.537066,-0.105479
0.923000,0.505481,-0.097254
0.924000,0.512719,-0.089686
0.925000,0.496598,-0.081132
0.926000,0.482451,-0.072578
0.927000,0.463040,-0.065011
0.928000,0.436719,-0.056786
0.929000,0.427178,-0.047574
0.930000,0.418953,-0.039349
0.931000,0.415005,-0.032111
0.932000,0.390330,-0.023886
0.933000,0.383421,-0.014345
0.934000,0.362036,-0.005791
0.935000,0.356443,0.001448
0.936000,0.336702,0.009673
0.937000,0.324200,0.018885
0.938000,0.310711,0.026781
0.939000,0.304131,0.034019
0.940000,0.298867,0.042902
0.941000,0.265309,0.051456
0.942000,0.257412,0.058694
0.943000,0.247542,0.067577
0.944000,0.242607,0.076789
0.945000,0.214971,0.086331
0.946000,0.196876,0.093569
0.947000,0.158711,0.101794
0.948000,0.174504,0.110348
0.949000,0.136339,0.119560
0.950000,0.140616,0.125482
0.951000,0.142590,0.135023
0.952000,0.107058,0.142261
0.953000,0.103110,0.151144
0.954000,0.103439,0.158711
0.955000,0.057707,0.166936
0.956000,0.019214,0.175491
0.957000,0.035664,0.183387
0.958000,0.019543,0.191941
0.959000,0.002106,0.200495
0.960000,-0.016319,0.210694
0.961000,-0.018622,0.217932
0.962000,-0.029150,0.226486
0.963000,-0.052509,0.235040
0.964000,-0.070604,0.243594
0.965000,-0.078829,0.251161
0.966000,-0.093964,0.259715
0.967000,-0.102518,0.267941
0.968000,-0.116665,0.276824
0.969000,-0.159106,0.283404
0.970000,-0.139037,0.292945
0.971000,-0.183782,0.300841
0.972000,-0.179834,0.309724
0.973000,-0.196613,0.316633
0.974000,-0.224578,0.325845
0.975000,-0.247608,0.334070
0.976000,-0.234777,0.340979
0.977000,-0.266691,0.350849
0.978000,-0.294985,0.359733
0.979000,-0.302881,0.368616
0.980000,-0.312093,0.375525
0.981000,-0.337755,0.384079
0.982000,-0.373946,0.392304
0.983000,-0.351245,0.401516
0.984000,-0.376249,0.408425
0.985000,-0.379868,0.417966
0.986000,-0.378223,0.426520
0.987000,-0.421980,0.434745
0.988000,-0.420993,0.442641
0.989000,-0.425928,0.450867
0.990000,-0.425270,0.459421
0.991000,-0.454552,0.467317
0.992000,-0.497651,0.475542
0.993000,-0.487781,0.485083
0.994000,-0.497651,0.493637
0.995000,-0.514759,0.500875
0.996000,-0.541409,0.509429
0.997000,-0.540422,0.517983
0.998000,-0.555227,0.526537
0.999000,-0.583521,0.534433
1.000000,-0.599313,0.542659
1.001000,-0.597339,0.552200
1.002000,-0.610500,0.560425
1.003000,-0.622015,0.567992
1.004000,-0.636491,0.576875
1.005000,-0.654586,0.585429
1.006000,-0.662153,0.592338
1.007000,-0.668075,0.601221
1.008000,-0.679590,0.610433
1.009000,-0.709530,0.618658
1.010000,-0.712820,0.626884
1.011000,-0.710188,0.635109
1.012000,-0.728612,0.643992
1.013000,-0.730586,0.653204
1.014000,-0.755590,0.660442
1.015000,-0.789807,0.668996
1.016000,-0.745720,0.676892
1.017000,-0.772041,0.686433
1.018000,-0.782569,0.693342
1.019000,-0.803296,0.701896
1.020000,-0.791123,0.709792
1.021000,-0.821391,0.719005
1.022000,-0.817443,0.726901
1.023000,-0.856595,0.735126
1.024000,-0.850673,0.744338
1.025000,-0.856595,0.750918
1.026000,-0.865807,0.759801
1.027000,-0.892785,0.769671
1.028000,-0.902326,0.778554
1.029000,-0.903313,0.785792
1.030000,-0.897391,0.794675
1.031000,-0.916802,0.802900
1.032000,-0.920092,0.811784
1.033000,-0.925686,0.819351
1.034000,-0.935556,0.828234
1.035000,-0.963192,0.837117
1.036000,-0.956941,0.845342
1.037000,-0.960560,0.852251
1.038000,-0.964179,0.861463
1.039000,-0.985235,0.869359
1.040000,-0.977997,0.876268
1.041000,-0.986222,0.885151
1.042000,-0.993131,0.894363
1.043000,-0.991815,0.902917
1.044000,-0.998066,0.910156
1.045000,-1.000040,0.918381
1.046000,-1.019123,0.927264
1.047000,-0.998066,0.936805
1.048000,-1.014846,0.943385
1.049000,-1.049062,0.951610
1.050000,-1.047417,0.960493
1.051000,-1.022084,0.970363
1.052000,-1.020439,0.976943
1.053000,-1.030967,0.985168
1.054000,-1.046101,0.993393
1.055000,-1.053339,1.001948
1.056000,-1.053339,1.010173
1.057000,-1.024387,1.019056
1.058000,-1.044127,1.026952
1.059000,-1.058274,1.035177
1.060000,-1.043798,1.043731
1.061000,-1.032941,1.051956
1.062000,-1.051036,1.060839
1.063000,-1.052352,1.068735
1.064000,-1.054326,1.077289
1.065000,-1.073079,1.085843
1.066000,-1.069460,1.094398
1.067000,-1.071434,1.101636
1.068000,-1.071105,1.110519
1.069000,-1.058274,1.119073
1.070000,-1.064196,1.126311
1.071000,-1.053010,1.134536
1.072000,-1.068144,1.143419
1.073000,-1.060906,1.151973
1.074000,-1.073408,1.159211
1.075000,-1.062551,1.168094
1.076000,-1.046759,1.178293
1.077000,-1.061564,1.187835
1.078000,-1.057616,1.194744
1.079000,-1.051694,1.202969
1.080000,-1.045772,1.211852
1.081000,-1.040508,1.220077
1.082000,-1.052023,1.227315
1.083000,-1.027348,1.236198
1.084000,-1.035573,1.244752
1.085000,-1.024716,1.253306
1.086000,-1.031625,1.260544
1.087000,-1.014188,1.269098
1.088000,-1.021755,1.278640
1.089000,-1.007937,1.285878
1.090000,-1.034257,1.294432
1.091000,-1.027677,1.302986
1.092000,-1.011227,1.311540
1.093000,-1.002014,1.320423
1.094000,-0.977997,1.328648
1.095000,-0.991815,1.336873
1.096000,-0.988854,1.346414
1.097000,-0.980958,1.353323
1.098000,-0.960231,1.362206
1.099000,-0.980300,1.370432
1.100000,-0.943452,1.378986
1.101000,-0.953980,1.386553
1.102000,-0.929634,1.394449
1.103000,-0.934569,1.402345
1.104000,-0.935556,1.409912
1.105000,-0.913841,1.418795
1.106000,-0.891469,1.428007
1.107000,-0.900023,1.436890
1.108000,-0.889166,1.443799
1.109000,-0.889495,1.452682
1.110000,-0.874361,1.460908
1.111000,-0.847054,1.470449
1.112000,-0.850673,1.477358
1.113000,-0.842118,1.485912
1.114000,-0.827642,1.494466
1.115000,-0.807902,1.503678
1.116000,-0.805599,1.510258
1.117000,-0.812837,1.519799
1.118000,-0.795729,1.528682
1.119000,-0.771054,1.535591
1.120000,-0.754274,1.543158
1.121000,-0.785201,1.552041
1.122000,-0.744733,1.560267
1.123000,-0.737824,1.568163
1.124000,-0.748023,1.576717
1.125000,-0.709859,1.585600
1.126000,-0.697686,1.594812
1.127000,-0.691106,1.601721
1.128000,-0.686829,1.609946
1.129000,-0.670707,1.619487
1.130000,-0.650309,1.627383
1.131000,-0.653599,1.635608
1.132000,-0.616093,1.643833
1.133000,-0.619054,1.652717
1.134000,-0.638794,1.659955
1.135000,-0.631556,1.668838
1.136000,-0.571677,1.677063
1.137000,-0.566413,1.685617
1.138000,-0.572664,1.693842
1.139000,-0.554898,1.701409
1.140000,-0.527262,1.710621
1.141000,-0.521340,1.719833
1.142000,-0.495348,1.727071
1.143000,-0.502586,1.736942
1.144000,-0.492716,1.745167
1.145000,-0.459816,1.754379
1.146000,-0.453565,1.761617
1.147000,-0.459487,1.770171
1.148000,-0.419677,1.778725
1.149000,-0.385790,1.787608
1.150000,-0.393028,1.794188
1.151000,-0.380855,1.803071
1.152000,-0.359470,1.812283
1.153000,-0.338413,1.818534
1.154000,-0.319002,1.828076
1.155000,-0.302223,1.836301
1.156000,-0.315054,1.844197
1.157000,-0.303210,1.851764
1.158000,-0.281496,1.861305
1.159000,-0.265046,1.870517
1.160000,-0.246292,1.879071
1.161000,-0.227210,1.886967
1.162000,-0.224249,1.895850
1.163000,-0.177530,1.904075
1.164000,-0.206483,1.911971
1.165000,-0.172924,1.919539
1.166000,-0.158448,1.928422
1.167000,-0.156145,1.937305
1.168000,-0.127193,1.943556
1.169000,-0.114033,1.951781
1.170000,-0.096596,1.960993
1.171000,-0.090015,1.969876
1.172000,-0.060076,1.977114
1.173000,-0.094622,1.985010
1.174000,-0.037046,1.994551
1.175000,-0.040007,2.003105
1.176000,-0.003487,2.011002
1.177000,0.003093,2.018898
1.178000,0.022175,2.027781
1.179000,0.041586,2.037322
1.180000,0.051127,2.043902
1.181000,0.058694,2.052127
1.182000,0.071854,2.060023
1.183000,0.091924,2.068906
1.184000,0.107058,2.078118
1.185000,0.139958,2.086343
1.186000,0.147525,2.093910
1.187000,0.162001,2.101807
1.188000,0.173187,2.111019
1.189000,0.194244,2.119573
1.190000,0.222209,2.128127
1.191000,0.204443,2.135694
1.192000,0.231092,2.145235
1.193000,0.221880,2.153131
1.194000,0.256425,2.161685
1.195000,0.280443,2.168923
1.196000,0.273863,2.177806
1.197000,0.305447,2.185702
1.198000,0.320581,2.193270
1.199000,0.340650,2.201495
1.200000,0.313672,2.211365
1.201000,0.348217,2.220906
1.202000,0.363023,2.227486
1.203000,0.374538,2.235382
1.204000,0.395594,2.245581
1.205000,0.386711,2.253806
1.206000,0.414347,2.260715
1.207000,0.428823,2.268940
1.208000,0.442970,2.277494
1.209000,0.464027,2.288352
1.210000,0.467317,2.294932
1.211000,0.480477,2.303815
1.212000,0.516667,2.311711
1.213000,0.511732,2.321252
1.214000,0.523247,2.328161
1.215000,0.533446,2.336715
1.216000,0.549239,2.345598
1.217000,0.545620,2.353165
1.218000,0.565689,2.361719
1.219000,0.573914,2.369945
1.220000,0.599576,2.378828
1.221000,0.595957,2.386395
1.222000,0.622606,2.394291
1.223000,0.626554,2.403174
1.224000,0.638070,2.411728
1.225000,0.634780,2.419295
1.226000,0.655836,2.429165
1.227000,0.664390,2.437719
1.228000,0.675576,2.446273
1.229000,0.690710,2.454828
1.230000,0.688078,2.462724
1.231000,0.709134,2.471936
1.232000,0.719663,2.478187
1.233000,0.741377,2.487070
1.234000,0.731178,2.496282
1.235000,0.727888,2.505165
1.236000,0.767039,2.511416
1.237000,0.749273,2.519970
1.238000,0.772961,2.528853
1.239000,0.759801,2.537407
1.240000,0.780528,2.543988
1.241000,0.779541,2.553529
1.242000,0.804874,2.562741
1.243000,0.784805,2.571624
1.244000,0.817048,2.578533
1.245000,0.824286,2.587416
1.246000,0.822312,2.596299
1.247000,0.827576,2.603537
1.248000,0.841723,2.612091
1.249000,0.847974,2.620645
1.250000,0.866727,2.629858
1.251000,0.853896,2.637096
1.252000,0.851593,2.645321
1.253000,0.879558,2.653546
1.254000,0.881203,2.662758
1.255000,0.898311,2.669996
1.256000,0.887125,2.678550
1.257000,0.875610,2.686775
1.258000,0.885151,2.696645
1.259000,0.890086,2.704212
1.260000,0.905879,2.712438
1.261000,0.913775,2.720663
1.262000,0.918381,2.728559
1.263000,0.903576,2.736784
1.264000,0.907195,2.745667
1.265000,0.922000,2.753563
1.266000,0.889757,2.761459
1.267000,0.925619,2.770342
1.268000,0.944372,2.778896
1.269000,0.929567,2.787121
1.270000,0.937463,2.795017
1.271000,0.946017,2.802914
1.272000,0.914762,2.811468
1.273000,0.937463,2.820351
1.274000,0.925619,2.827589
1.275000,0.921013,2.837788
1.276000,0.928251,2.846013
1.277000,0.930225,2.854567
1.278000,0.945688,2.862463
1.279000,0.949307,2.871017
1.280000,0.953255,2.878913
1.281000,0.927922,2.886810
1.282000,0.920026,2.895364
1.283000,0.940095,2.904247
1.284000,0.939766,2.912143
1.285000,0.932857,2.919710
1.286000,0.906866,2.928264
1.287000,0.927593,2.937476
1.288000,0.925290,2.945372
1.289000,0.909827,2.953268
1.290000,0.895021,2.961493
1.291000,0.914762,2.970706
1.292000,0.893047,2.980247
1.293000,0.904563,2.972680
1.294000,0.901272,2.963139
1.295000,0.898640,2.954913
1.296000,0.887783,2.948004
1.297000,0.898311,2.939450
1.298000,0.879558,2.930238
1.299000,0.896995,2.921684
1.300000,0.849290,2.915104
1.301000,0.857844,2.905892
1.302000,0.874623,2.897667
1.303000,0.846987,2.888455
1.304000,0.845013,2.882204
1.305000,0.823957,2.873978
1.306000,0.844026,2.864766
1.307000,0.820009,2.855554
1.308000,0.833498,2.848645
1.309000,0.819022,2.840091
1.310000,0.805861,2.829892
1.311000,0.800926,2.821996
1.312000,0.795991,2.813442
1.313000,0.777238,2.805546
1.314000,0.761117,2.796663
1.315000,0.757827,2.789424
1.316000,0.761446,2.781199
1.317000,0.774935,2.772316
1.318000,0.757169,2.763762
1.319000,0.735455,2.755537
1.320000,0.723611,2.747312
1.321000,0.716701,2.738758
1.322000,0.702225,2.729875
1.323000,0.714069,2.722308
1.324000,0.674589,2.713425
1.325000,0.663732,2.705199
1.326000,0.676234,2.696974
1.327000,0.639715,2.689078
1.328000,0.640044,2.680853
1.329000,0.627213,2.671970
1.330000,0.623264,2.665719
1.331000,0.618000,2.656178
1.332000,0.596944,2.647295
1.333000,0.587074,2.638741
1.334000,0.591022,2.631832
1.335000,0.551213,2.622619
1.336000,0.572269,2.613078
1.337000,0.535091,2.604524
1.338000,0.515351,2.597944
1.339000,0.533775,2.589390
1.340000,0.505481,2.580178
1.341000,0.492321,2.571624
1.342000,0.490018,2.564715
1.343000,0.451196,2.555174
1.344000,0.456789,2.546291
1.345000,0.449880,2.539710
1.346000,0.439351,2.530827
1.347000,0.395265,2.522602
1.348000,0.411057,2.513719
1.349000,0.396581,2.506810
1.350000,0.375854,2.498256
1.351000,0.358088,2.489373
1.352000,0.350849,2.480161
1.353000,0.330451,2.472594
1.354000,0.319594,2.464040
1.355000,0.303802,2.456144
1.356000,0.292945,2.446931
1.357000,0.277482,2.439364
1.358000,0.266625,2.431797
1.359000,0.263005,2.423243
1.360000,0.249845,2.414689
1.361000,0.229776,2.405148
1.362000,0.201811,2.396265
1.363000,0.195231,2.388040
1.364000,0.179110,2.380473
1.365000,0.158382,2.370603
1.366000,0.144235,2.362706
1.367000,0.137326,2.354481
1.368000,0.113967,2.347243
1.369000,0.107387,2.338360
1.370000,0.080079,2.329806
1.371000,0.058694,2.321252
1.372000,0.055075,2.315001
1.373000,0.044876,2.306118
1.374000,0.006383,2.296906
1.375000,0.005725,2.289997
1.376000,-0.030137,2.279798
1.377000,-0.008423,2.270256
1.378000,-0.025202,2.262689
1.379000,-0.051851,2.255122
1.380000,-0.066656,2.246239
1.381000,-0.070275,2.237685
1.382000,-0.081790,2.229789
1.383000,-0.093964,2.222222
1.384000,-0.129825,2.213339
1.385000,-0.127851,2.204127
1.386000,-0.164041,2.195573
1.387000,-0.143314,2.187676
1.388000,-0.167660,2.179780
1.389000,-0.218327,2.170568
1.390000,-0.203193,2.162014
1.391000,-0.224578,2.155105
1.392000,-0.242015,2.146551
1.393000,-0.265704,2.137339
1.394000,-0.270968,2.130430
1.395000,-0.277877,2.121547
1.396000,-0.289063,2.112993
1.397000,-0.305513,2.104110
1.398000,-0.335452,2.096542
1.399000,-0.362431,2.087659
1.400000,-0.354864,2.078776
1.401000,-0.363747,2.070551
1.402000,-0.393028,2.062655
1.403000,-0.404872,2.054101
1.404000,-0.414084,2.045218
1.405000,-0.418690,2.037322
1.406000,-0.445340,2.030084
1.407000,-0.442708,2.020872
1.408000,-0.464093,2.011989
1.409000,-0.464093,2.004750
1.410000,-0.507521,1.994551
1.411000,-0.507850,1.987313
1.412000,-0.529236,1.979088
1.413000,-0.524630,1.971521
1.414000,-0.551937,1.963296
1.415000,-0.560162,1.954413
1.416000,-0.586153,1.945859
1.417000,-0.588456,1.938621
1.418000,-0.600629,1.930067
1.419000,-0.614448,1.921184
1.420000,-0.623002,1.912629
1.421000,-0.645703,1.905391
1.422000,-0.637478,1.896508
1.423000,-0.647677,1.887625
1.424000,-0.663140,1.880058
1.425000,-0.682222,1.871504
1.426000,-0.708214,1.862292
1.427000,-0.730586,1.853409
1.428000,-0.707227,1.846829
1.429000,-0.748681,1.838604
1.430000,-0.740456,1.829721
1.431000,-0.753287,1.820179
1.432000,-0.763815,1.813928
1.433000,-0.774673,1.805374
1.434000,-0.788491,1.796491
1.435000,-0.803625,1.786950
1.436000,-0.810205,1.780699
1.437000,-0.795729,1.772145
1.438000,-0.825339,1.763262
1.439000,-0.846396,1.756024
1.440000,-0.852647,1.747470
1.441000,-0.845738,1.738258
1.442000,-0.861530,1.728716
1.443000,-0.867452,1.721149
1.444000,-0.891469,1.712266
1.445000,-0.900681,1.704370
1.446000,-0.904629,1.695816
1.447000,-0.930292,1.688249
1.448000,-0.922066,1.679366
1.449000,-0.927331,1.671470
1.450000,-0.961218,1.662587
1.451000,-0.936214,1.654362
1.452000,-0.926673,1.645479
1.453000,-0.952993,1.636595
1.454000,-0.977010,1.629028
1.455000,-0.991157,1.621132
1.456000,-0.969443,1.611920
1.457000,-0.997079,1.603366
1.458000,-1.002672,1.597115
1.459000,-0.995763,1.587245
1.460000,-1.015504,1.578691
1.461000,-1.008924,1.570137
1.462000,-1.022413,1.563228
1.463000,-0.998395,1.554345
1.464000,-1.031954,1.545461
1.465000,-1.005634,1.536907
1.466000,-1.043140,1.530327
1.467000,-1.031625,1.521773
1.468000,-1.041495,1.511903
1.469000,-1.015504,1.503349
1.470000,-1.032283,1.496440
1.471000,-1.041166,1.488215
1.472000,-1.053010,1.478345
1.473000,-1.042811,1.471107
1.474000,-1.057287,1.463211
1.475000,-1.068473,1.454656
1.476000,-1.068144,1.445444
1.477000,-1.046430,1.438206
1.478000,-1.060577,1.429652
1.479000,-1.063867,1.421098
1.480000,-1.053339,1.412215
1.481000,-1.049720,1.404977
1.482000,-1.059261,1.396423
1.483000,-1.039850,1.387869
1.484000,-1.074395,1.379644
1.485000,-1.060248,1.371748
1.486000,-1.069460,1.362864
1.487000,-1.056300,1.354310
1.488000,-1.054655,1.346743
1.489000,-1.075382,1.337860
1.490000,-1.071105,1.329964
1.491000,-1.059919,1.321410
1.492000,-1.071105,1.312856
1.493000,-1.062222,1.303644
1.494000,-1.054984,1.295419
1.495000,-1.061235,1.286536
1.496000,-1.053339,1.280614
1.497000,-1.027677,1.271072
1.498000,-1.062551,1.262847
1.499000,-1.041824,1.253635
1.500000,-1.052352,1.247384
1.501000,-1.028993,1.238172
1.502000,-1.040508,1.228631
1.503000,-1.040179,1.222051
1.504000,-1.031954,1.213497
1.505000,-1.016820,1.204614
1.506000,-1.011227,1.195402
1.507000,-1.004318,1.188822
1.508000,-0.995434,1.180267
1.509000,-1.005634,1.170068
1.510000,-0.977339,1.161185
1.511000,-0.982932,1.153947
1.512000,-0.990828,1.145393
1.513000,-0.997737,1.137168
1.514000,-0.972075,1.128614
1.515000,-0.951348,1.121376
1.516000,-0.961218,1.112493
1.517000,-0.962863,1.103939
1.518000,-0.950032,1.094727
1.519000,-0.913512,1.087159
1.520000,-0.912854,1.079263
1.521000,-0.915486,1.070051
1.522000,-0.923053,1.062155
1.523000,-0.924699,1.054259
1.524000,-0.905616,1.045705
1.525000,-0.881270,1.037151
1.526000,-0.878638,1.030242
1.527000,-0.869097,1.021030
1.528000,-0.846725,1.012476
1.529000,-0.847054,1.003593
1.530000,-0.837183,0.997013
1.531000,-0.835867,0.987471
1.532000,-0.848370,0.979246
1.533000,-0.802309,0.970692
1.534000,-0.783885,0.963125
1.535000,-0.794084,0.954242
1.536000,-0.799677,0.945359
1.537000,-0.766777,0.938121
1.538000,-0.749997,0.929567
1.539000,-0.759538,0.920355
1.540000,-0.744733,0.912130
1.541000,-0.721374,0.904892
1.542000,-0.705582,0.895679
1.543000,-0.713149,0.886796
1.544000,-0.688803,0.878571
1.545000,-0.680577,0.871662
1.546000,-0.673997,0.862779
1.547000,-0.646032,0.854554
1.548000,-0.634188,0.846329
1.549000,-0.643729,0.838433
1.550000,-0.623331,0.829550
1.551000,-0.588456,0.820338
1.552000,-0.591088,0.812442
1.553000,-0.593391,0.804874
1.554000,-0.570690,0.796320
1.555000,-0.565426,0.787766
1.556000,-0.542067,0.779870
1.557000,-0.547002,0.771316
1.558000,-0.540422,0.762433
1.559000,-0.507192,0.752563
1.560000,-0.505876,0.745654
1.561000,-0.469028,0.737100
1.562000,-0.470015,0.728217
1.563000,-0.445669,0.719663
1.564000,-0.433166,0.712753
1.565000,-0.396318,0.704199
1.566000,-0.402240,0.695316
1.567000,-0.377565,0.687420
1.568000,-0.366708,0.678537
1.569000,-0.382500,0.670641
1.570000,-0.331833,0.661100
1.571000,-0.340716,0.654849
1.572000,-0.310119,0.645637
1.573000,-0.309790,0.637741
1.574000,-0.269981,0.628858
1.575000,-0.276890,0.619974
1.576000,-0.259781,0.611091
1.577000,-0.254188,0.602866
1.578000,-0.234448,0.594641
1.579000,-0.219314,0.587074
1.580000,-0.209773,0.578520
1.581000,-0.177530,0.569637
1.582000,-0.182466,0.561412
1.583000,-0.158777,0.553845
1.584000,-0.140682,0.544633
1.585000,-0.132457,0.536408
1.586000,-0.112717,0.528511
1.587000,-0.075539,0.520286
1.588000,-0.070933,0.511403
1.589000,-0.078171,0.502520
1.590000,-0.038033,0.495611
1.591000,-0.019280,0.486399
1.592000,-0.016977,0.478174
1.593000,-0.015003,0.469620
1.594000,-0.001842,0.462382
1.595000,0.016253,0.452841
1.596000,0.053759,0.444616
1.597000,0.055733,0.435403
1.598000,0.068893,0.428823
1.599000,0.078763,0.420598
1.600000,0.120547,0.410399
1.601000,0.107387,0.403819
1.602000,0.117257,0.394607
1.603000,0.150157,0.386382
1.604000,0.152460,0.376841
1.605000,0.176478,0.369274
1.606000,0.169568,0.361378
1.607000,0.181742,0.353152
1.608000,0.219248,0.343611
1.609000,0.239317,0.336044
1.610000,0.244910,0.327490
1.611000,0.257083,0.318936
1.612000,0.271889,0.310382
1.613000,0.299196,0.302486
1.614000,0.305118,0.294261
1.615000,0.318936,0.286036
1.616000,0.335057,0.278798
1.617000,0.355785,0.269915
1.618000,0.361707,0.261360
1.619000,0.387369,0.252477
1.620000,0.389672,0.244910
1.621000,0.407109,0.236685
1.622000,0.433100,0.227144
1.623000,0.443299,0.218590
1.624000,0.448564,0.212668
1.625000,0.431126,0.202798
1.626000,0.478503,0.193915
1.627000,0.491992,0.185361
1.628000,0.481135,0.178781
1.629000,0.495940,0.169239
1.630000,0.526208,0.159698
1.631000,0.515680,0.152789
1.632000,0.550884,0.144564
1.633000,0.550884,0.137326
1.634000,0.569637,0.127785
1.635000,0.569308,0.121534
1.636000,0.579178,0.112651
1.637000,0.626225,0.103768
1.638000,0.595628,0.094227
1.639000,0.619316,0.087647
1.640000,0.620961,0.078434
1.641000,0.641689,0.069222
1.642000,0.658468,0.060339
1.643000,0.653533,0.053101
1.644000,0.668667,0.044876
1.645000,0.674589,0.035993
1.646000,0.693013,0.027439
1.647000,0.700580,0.020201
1.648000,0.714727,0.011318
1.649000,0.724269,0.002764
1.650000,0.742035,-0.004475
1.651000,0.740719,-0.013358
1.652000,0.744667,-0.021912
1.653000,0.739074,-0.030795
1.654000,0.746641,-0.038362
1.655000,0.786450,-0.046587
1.656000,0.778883,-0.055141
1.657000,0.776580,-0.063695
1.658000,0.791385,-0.070604
1.659000,0.804216,-0.080145
1.660000,0.840078,-0.088370
1.661000,0.835801,-0.096925
1.662000,0.800926,-0.103834
1.663000,0.841065,-0.113046
1.664000,0.860476,-0.121271
1.665000,0.872978,-0.128838
1.666000,0.840407,-0.138050
1.667000,0.831524,-0.146275
1.668000,0.868701,-0.155487
1.669000,0.883506,-0.162725
1.670000,0.888441,-0.171608
1.671000,0.850935,-0.179505
1.672000,0.871333,-0.188059
1.673000,0.886796,-0.195297
1.674000,0.911143,-0.204509
1.675000,0.880545,-0.213721
1.676000,0.892389,-0.221946
1.677000,0.906866,-0.229513
1.678000,0.908840,-0.238396
1.679000,0.919368,-0.246621
1.680000,0.905550,-0.254188
1.681000,0.912130,-0.262413
1.682000,0.913446,-0.270968
1.683000,0.925948,-0.280838
1.684000,0.925290,-0.288405
1.685000,0.917723,-0.296630
1.686000,0.937463,-0.305842
1.687000,0.949965,-0.314067
1.688000,0.922987,-0.321305
1.689000,0.917065,-0.329859
1.690000,0.923974,-0.338742
1.691000,0.932199,-0.348612
1.692000,0.913775,-0.355522
1.693000,0.932199,-0.364405
1.694000,0.915091,-0.373288
1.695000,0.935489,-0.382171
1.696000,0.951281,-0.389409
1.697000,0.947004,-0.397305
1.698000,0.927264,-0.406517
1.699000,0.931212,-0.413426
1.700000,0.915749,-0.421651
1.701000,0.918710,-0.430534
1.702000,0.905550,-0.439418
1.703000,0.912130,-0.446327
1.704000,0.907524,-0.454881
1.705000,0.923645,-0.463435
1.706000,0.910156,-0.471989
1.707000,0.917394,-0.479556
1.708000,0.874294,-0.489426
1.709000,0.916736,-0.498309
1.710000,0.907853,-0.507192
1.711000,0.897653,-0.514759
1.712000,0.886796,-0.522985
1.713000,0.867714,-0.531210
1.714000,0.896995,-0.538119
1.715000,0.869030,-0.547002
1.716000,0.871333,-0.555885
1.717000,0.877584,-0.564768
1.718000,0.854554,-0.571677
1.719000,0.856528,-0.580889
1.720000,0.857186,-0.589443
1.721000,0.849290,-0.598326
1.722000,0.821325,-0.605236
1.723000,0.837117,-0.614119
1.724000,0.827905,-0.623002
1.725000,0.814745,-0.632214
1.726000,0.810138,-0.638794
1.727000,0.809151,-0.647677
1.728000,0.791056,-0.656231
1.729000,0.786779,-0.663140
1.730000,0.777896,-0.672023
1.731000,0.754537,-0.680248
1.732000,0.792043,-0.690119
1.733000,0.770329,-0.696370
1.734000,0.754537,-0.705911
1.735000,0.751576,-0.714465
1.736000,0.721966,-0.722690
1.737000,0.712095,-0.729928
1.738000,0.719992,-0.739469
1.739000,0.692684,-0.747694
1.740000,0.701238,-0.756248
1.741000,0.690052,-0.763157
1.742000,0.673602,-0.772370
1.743000,0.662416,-0.780266
1.744000,0.667351,-0.787833
1.745000,0.652875,-0.797045
1.746000,0.631490,-0.804941
1.747000,0.612736,-0.813166
1.748000,0.584113,-0.820733
1.749000,0.581152,-0.828958
1.750000,0.602208,-0.837841
1.751000,0.568321,-0.846067
1.752000,0.544633,-0.853963
1.753000,0.552200,-0.862517
1.754000,0.550555,-0.871400
1.755000,0.501533,-0.879954
1.756000,0.522260,-0.886534
1.757000,0.516996,-0.895746
1.758000,0.476858,-0.905945
1.759000,0.480148,-0.914499
1.760000,0.452841,-0.920750
1.761000,0.458763,-0.930292
1.762000,0.427836,-0.938846
1.763000,0.431126,-0.945426
1.764000,0.407438,-0.954638
1.765000,0.387698,-0.963521
1.766000,0.390001,-0.973062
1.767000,0.368945,-0.979642
1.768000,0.356443,-0.988854
1.769000,0.321239,-0.997079
1.770000,0.342624,-1.006292
1.771000,0.316633,-1.013530
1.772000,0.301499,-1.021755
1.773000,0.285378,-1.029980
1.774000,0.262676,-1.039521
1.775000,0.268599,-1.047088
1.776000,0.237672,-1.055971
1.777000,0.211681,-1.064525
1.778000,0.226157,-1.072092
1.779000,0.214642,-1.080976
1.780000,0.206088,-1.089201
1.781000,0.168581,-1.097426
1.782000,0.145551,-1.105651
1.783000,0.164304,-1.114205
1.784000,0.140616,-1.122101
1.785000,0.127127,-1.131313
1.786000,0.113967,-1.139538
1.787000,0.089292,-1.146776
1.788000,0.063629,-1.155330
1.789000,0.060010,-1.164872
1.790000,0.044218,-1.171781
1.791000,0.012634,-1.181322
1.792000,-0.002829,-1.189876
1.793000,0.005067,-1.196785
1.794000,-0.006778,-1.205668
1.795000,-0.041323,-1.214880
1.796000,-0.067972,-1.223105
1.797000,-0.062708,-1.230343
1.798000,-0.093964,-1.239227
1.799000,-0.093306,-1.248439
1.800000,-0.092977,-1.256993
1.801000,-0.107124,-1.264231
1.802000,-0.138708,-1.273114
1.803000,-0.181808,-1.281668
1.804000,-0.192007,-1.290880
1.805000,-0.183124,-1.298118
1.806000,-0.200561,-1.307001
1.807000,-0.223920,-1.316214
1.808000,-0.230500,-1.323123
1.809000,-0.229513,-1.331677
1.810000,-0.253859,-1.339902
1.811000,-0.272942,-1.348785
1.812000,-0.305842,-1.356681
1.813000,-0.305184,-1.364577
1.814000,-0.310448,-1.372802
1.815000,-0.312422,-1.382672
1.816000,-0.348283,-1.389582
1.817000,-0.366708,-1.397807
1.818000,-0.391383,-1.406361
1.819000,-0.375262,-1.415244
1.820000,-0.377894,-1.422482
1.821000,-0.431850,-1.430707
1.822000,-0.439089,-1.439261
1.823000,-0.425270,-1.448144
1.824000,-0.452578,-1.455711
1.825000,-0.489755,-1.464924
1.826000,-0.490413,-1.473807
1.827000,-0.489097,-1.480387
1.828000,-0.516075,-1.488941
1.829000,-0.536474,-1.497495
1.830000,-0.545028,-1.506378
1.831000,-0.553253,-1.513616
1.832000,-0.560491,-1.522170
1.833000,-0.586482,-1.530396
1.834000,-0.600300,-1.539937
1.835000,-0.608855,-1.547175
1.836000,-0.619383,-1.556058
1.837000,-0.637149,-1.564941
1.838000,-0.663469,-1.572837
1.839000,-0.656231,-1.579746
1.840000,-0.659192,-1.589945
1.841000,-0.666430,-1.598170
1.842000,-0.706569,-1.605738
1.843000,-0.704595,-1.614950
1.844000,-0.699331,-1.623175
1.845000,-0.714136,-1.631400
1.846000,-0.757564,-1.638967
1.847000,-0.754274,-1.647521
1.848000,-0.776318,-1.656075
1.849000,-0.766119,-1.665287
1.850000,-0.766119,-1.673184
1.851000,-0.782898,-1.681738
1.852000,-0.830932,-1.690292
1.853000,-0.814482,-1.698846
1.854000,-0.825339,-1.705426
1.855000,-0.848370,-1.714638
1.856000,-0.849686,-1.723850
1.857000,-0.822378,-1.731088
1.858000,-0.837841,-1.739313
1.859000,-0.866136,-1.748197
1.860000,-0.885547,-1.757409
1.861000,-0.886205,-1.763989
1.862000,-0.901339,-1.772543
1.863000,-0.898707,-1.781426
1.864000,-0.927002,-1.790309
1.865000,-0.919105,-1.798205
1.866000,-0.927002,-1.806101
1.867000,-0.937201,-1.814656
1.868000,-0.957599,-1.823868
1.869000,-0.958257,-1.830777
1.870000,-0.940491,-1.839660
1.871000,-0.973720,-1.848214
1.872000,-0.965495,-1.855452
1.873000,-0.984906,-1.864993
1.874000,-0.968785,-1.872889
1.875000,-1.002343,-1.881773
1.876000,-0.986880,-1.889011
1.877000,-0.991815,-1.897894
1.878000,-0.999711,-1.905790
1.879000,-1.013859,-1.914015
1.880000,-1.027348,-1.921582
1.881000,-1.007279,-1.931123
1.882000,-1.024387,-1.939677
1.883000,-1.034586,-1.947903
1.884000,-1.064196,-1.955470
1.885000,-1.040508,-1.964024
1.886000,-1.038205,-1.972249
1.887000,-1.035573,-1.981461
1.888000,-1.027019,-1.988370
1.889000,-1.041824,-1.997911
1.890000,-1.057287,-2.007781
1.891000,-1.053010,-2.014362
1.892000,-1.051036,-2.022587
1.893000,-1.045114,-2.031799
1.894000,-1.070118,-2.040353
1.895000,-1.077356,-2.046933
1.896000,-1.037218,-2.055816
1.897000,-1.071763,-2.064699
1.898000,-1.065512,-2.074569
1.899000,-1.077685,-2.080821
1.900000,-1.073079,-2.088717
1.901000,-1.071434,-2.097600
1.902000,-1.041495,-2.107799
1.903000,-1.061235,-2.114379
1.904000,-1.064525,-2.122604
1.905000,-1.070776,-2.131158
1.906000,-1.050707,-2.139712
1.907000,-1.049391,-2.149254
1.908000,-1.065841,-2.157808
1.909000,-1.078343,-2.166362
1.910000,-1.047417,-2.173929
1.911000,-1.057616,-2.182812
1.912000,-1.039521,-2.191037
1.913000,-1.045443,-2.199262
1.914000,-1.068473,-2.206171
1.915000,-1.026032,-2.216700
1.916000,-1.036560,-2.224925
1.917000,-1.040508,-2.233808
1.918000,-1.040508,-2.241375
1.919000,-1.007279,-2.250258
1.920000,-1.016162,-2.257825
1.921000,-1.023071,-2.264734
1.922000,-1.025374,-2.273289
1.923000,-1.016162,-2.283817
1.924000,-1.017807,-2.292371
1.925000,-1.011885,-2.298951
1.926000,-0.996421,-2.307834
1.927000,-0.984248,-2.317046
1.928000,-0.985235,-2.325271
1.929000,-0.986222,-2.332838
1.930000,-0.977668,-2.341393
1.931000,-0.994776,-2.349618
1.932000,-0.955296,-2.358830
1.933000,-0.944110,-2.366068
1.934000,-0.943123,-2.374622
1.935000,-0.930950,-2.383505
1.936000,-0.930621,-2.391401
1.937000,-0.927002,-2.399627
1.938000,-0.924040,-2.408510
1.939000,-0.902326,-2.417393
1.940000,-0.897062,-2.424960
1.941000,-0.887521,-2.433185
1.942000,-0.894759,-2.442068
1.943000,-0.875677,-2.450951
1.944000,-0.861530,-2.458190
1.945000,-0.852647,-2.466415
1.946000,-0.860872,-2.474640
1.947000,-0.827313,-2.483523
1.948000,-0.835209,-2.490432
1.949000,-0.826984,-2.499644
1.950000,-0.834880,-2.507540
1.951000,-0.791452,-2.516423
1.952000,-0.794084,-2.523333
1.953000,-0.766448,-2.533203
1.954000,-0.761841,-2.541428
1.955000,-0.760525,-2.548337
1.956000,-0.742101,-2.557549
1.957000,-0.733218,-2.567090
1.958000,-0.717755,-2.575644
1.959000,-0.717426,-2.582225
1.960000,-0.701305,-2.591437
1.961000,-0.696699,-2.599333
1.962000,-0.659521,-2.608545
1.963000,-0.678603,-2.616112
1.964000,-0.668075,-2.624666
1.965000,-0.648335,-2.632562
1.966000,-0.650309,-2.641775
1.967000,-0.600300,-2.648026
1.968000,-0.599313,-2.657567
1.969000,-0.581547,-2.666121
1.970000,-0.582205,-2.673688
1.971000,-0.550292,-2.681584
1.972000,-0.571019,-2.690796
1.973000,-0.534171,-2.700667
1.974000,-0.544041,-2.707905
1.975000,-0.528578,-2.716788
1.976000,-0.491071,-2.725342
1.977000,-0.474621,-2.733238
1.978000,-0.466067,-2.741134
1.979000,-0.452249,-2.749359
1.980000,-0.436457,-2.757914
1.981000,-0.417045,-2.767455
1.982000,-0.432508,-2.774364
1.983000,-0.426586,-2.783247
1.984000,-0.397305,-2.791472
1.985000,-0.356509,-2.798710
1.986000,-0.350258,-2.806935
1.987000,-0.345651,-2.816148
1.988000,-0.326569,-2.824702
1.989000,-0.315054,-2.832598
1.990000,-0.294985,-2.841152
1.991000,-0.278864,-2.850035
1.992000,-0.270639,-2.858260
1.993000,-0.252543,-2.865827
1.994000,-0.229842,-2.874711
1.995000,-0.227210,-2.882607
1.996000,-0.218985,-2.891819
1.997000,-0.187730,-2.899386
1.998000,-0.190033,-2.907282
1.999000,-0.171608,-2.915507
